0	0.655204	0.403023	1.2326e-32	0	0.256972	0.602709
0.0025	0.671347	0.588499	0.000130428	0.0172211	0.398366	0.618667
0.005	0.678852	0.693933	0.000205286	0.0319305	0.474006	0.583723
0.0075	0.683127	0.770272	0.00023431	0.0434587	0.523074	0.548654
0.01	0.686484	0.835159	0.00025556	0.0543682	0.561267	0.515534
0.0125	0.688936	0.889825	0.000264978	0.0639395	0.59138	0.485244
0.015	0.690695	0.938621	0.000264797	0.0730064	0.616329	0.456638
0.0175	0.692417	0.999927	0.000268822	0.089432	0.644197	0.419786
0.02	0.692405	1.02614	0.000238738	0.091061	0.65663	0.400727
0.0225	0.694591	1.07299	0.000259507	0.103513	0.675944	0.371735
0.025	0.69494	1.11909	0.000243143	0.117096	0.692815	0.340503
0.0275	0.695087	1.15643	0.000225797	0.127123	0.705508	0.313881
0.03	0.695234	1.20093	0.000211153	0.142345	0.718723	0.282685
0.0325	0.695675	1.21267	0.000203744	0.138889	0.723352	0.272092
0.035	0.695374	1.25163	0.000185271	0.152208	0.732502	0.24536
0.0375	0.694088	1.284	0.000155939	0.162364	0.738904	0.220853
0.04	0.693878	1.32187	0.000144338	0.176908	0.746298	0.193015
0.0425	0.694074	1.33934	0.000138482	0.178445	0.750179	0.178513
0.045	0.693745	1.37039	0.000127806	0.189589	0.754864	0.155953
0.0475	0.691466	1.40575	0.000104735	0.204509	0.757525	0.129204
0.05	0.691166	1.41626	9.8453e-05	0.202121	0.758661	0.119293
0.0525	0.689995	1.43058	9.04607e-05	0.202828	0.759055	0.108349
0.055	0.689484	1.44458	8.5858e-05	0.203632	0.759866	0.0976186
0.0575	0.688578	1.45962	8.23386e-05	0.205461	0.76027	0.0861491
0.06	0.687749	1.49318	8.04441e-05	0.220881	0.761649	0.0619332
0.0625	0.685761	1.49373	8.59384e-05	0.212779	0.759882	0.0589831
0.065	0.684332	1.50705	9.3268e-05	0.214171	0.758841	0.0494832
0.0675	0.682902	1.50611	0.000103998	0.205882	0.757331	0.0491022
0.07	0.68162	1.50631	0.000115955	0.198915	0.755928	0.0488276
0.0725	0.679481	1.50877	0.000143955	0.193861	0.753745	0.0469942
0.075	0.677956	1.52664	0.000166582	0.199005	0.752669	0.0346233
0.0775	0.676146	1.52848	0.000198522	0.193955	0.750797	0.0320712
0.08	0.67349	1.53975	0.000256705	0.195179	0.748179	0.0241241
0.0825	0.671135	1.53174	0.000315712	0.184525	0.745386	0.0285975
0.085	0.669468	1.54159	0.000358873	0.185154	0.743696	0.0224105
0.0875	0.66731	1.53676	0.000422439	0.177175	0.741282	0.0249494
0.09	0.664669	1.53671	0.000510791	0.172362	0.738408	0.0251469
0.0925	0.662202	1.54704	0.00060016	0.17362	0.735843	0.0182441
0.095	0.659861	1.54475	0.000690654	0.1679	0.733196	0.0190097
0.0975	0.657756	1.54476	0.000775217	0.16371	0.730851	0.0190252
0.1	0.655404	1.55277	0.000877438	0.163984	0.728375	0.0137213
0.1025	0.652689	1.5524	0.0010063	0.159887	0.725413	0.0133802
0.105	0.650497	1.55453	0.00111138	0.157271	0.722945	0.0119216
0.1075	0.647754	1.56052	0.00125627	0.156771	0.72001	0.00784741
0.11	0.645423	1.55245	0.00138121	0.149257	0.717309	0.0126214
0.1125	0.641888	1.55105	0.00159807	0.145342	0.713487	0.0139369
0.115	0.639816	1.55583	0.00171689	0.144506	0.71109	0.0109695
0.1175	0.637854	1.55816	0.00183044	0.142594	0.708908	0.00915567
0.12	0.633883	1.55767	0.00211218	0.139455	0.704712	0.00923935
0.1225	0.63252	1.56031	0.0021842	0.137867	0.702945	0.00755507
0.125	0.628248	1.5523	0.00251622	0.131638	0.698427	0.0123752
0.1275	0.627584	1.55608	0.00252814	0.130724	0.697345	0.0104757
0.13	0.623794	1.55963	0.00283461	0.129776	0.693489	0.00801068
0.1325	0.620545	1.55756	0.00310243	0.126499	0.689822	0.00902248
0.135	0.617816	1.56084	0.00332595	0.125558	0.68676	0.00705463
0.1375	0.614669	1.56355	0.00360159	0.124435	0.683324	0.00516017
0.14	0.612847	1.55639	0.00373784	0.119384	0.681115	0.00934214
0.1425	0.606492	1.55419	0.00440769	0.116475	0.674515	0.0110015
0.145	0.60603	1.56585	0.00438848	0.119027	0.673472	0.00409816
0.1475	0.602587	1.56371	0.00473546	0.116207	0.669918	0.0046771
0.15	0.599845	1.55978	0.00500339	0.112815	0.666791	0.00707432
0.1525	0.596439	1.56624	0.00536565	0.113416	0.663103	0.00341648
0.155	0.593053	1.5643	0.00573612	0.110891	0.659348	0.00419639
0.1575	0.590441	1.56219	0.00600781	0.108393	0.656345	0.00550039
0.16	0.586918	1.56299	0.00641641	0.107011	0.652518	0.00513658
0.1625	0.585239	1.56407	0.00656279	0.105772	0.650471	0.00445649
0.165	0.580952	1.56289	0.00710275	0.103782	0.64598	0.00504118
0.1675	0.576411	1.55799	0.00770325	0.10061	0.640958	0.00787926
0.17	0.575208	1.55933	0.00778243	0.09959	0.639265	0.0073837
0.1725	0.571643	1.56295	0.00824535	0.0993564	0.635547	0.00522197
0.175	0.568734	1.56483	0.0086094	0.0985767	0.632273	0.00390986
0.1775	0.564329	1.55938	0.00923837	0.0954585	0.627515	0.00683496
0.18	0.561975	1.56012	0.00952199	0.0943812	0.624679	0.00668847
0.1825	0.560254	1.56615	0.00969591	0.0950039	0.622712	0.00326974
0.185	0.557549	1.56478	0.0100478	0.093305	0.619804	0.00367914
0.1875	0.553649	1.56784	0.0106254	0.0930311	0.615626	0.00200536
0.19	0.548384	1.56775	0.0114807	0.0917964	0.609943	0.00187108
0.1925	0.54632	1.56517	0.0117328	0.089834	0.607299	0.0032627
0.195	0.544243	1.55461	0.0119892	0.0856598	0.6049	0.00913616
0.1975	0.540841	1.56574	0.0125127	0.0877594	0.601321	0.00364787
0.2	0.537699	1.56383	0.0129927	0.0861199	0.597813	0.00410167
0.2025	0.535441	1.56349	0.0132968	0.0849749	0.595198	0.00431307
0.205	0.533047	1.56618	0.0136316	0.084712	0.592561	0.00289394
0.2075	0.527936	1.55747	0.0145519	0.0813181	0.587123	0.00730995
0.21	0.526284	1.56416	0.0147375	0.0821618	0.584972	0.00422307
0.2125	0.521825	1.56768	0.0155445	0.0821778	0.580319	0.00204868
0.215	0.521472	1.5601	0.0154442	0.0791967	0.579473	0.00578233
0.2175	0.517215	1.56594	0.0162206	0.079839	0.575154	0.00309017
0.22	0.514367	1.56224	0.0166881	0.0779686	0.571862	0.0047109
0.2225	0.510639	1.56199	0.0173676	0.077039	0.567804	0.00496565
0.225	0.507644	1.56394	0.0178841	0.0766875	0.564408	0.00397314
0.2275	0.504611	1.56405	0.0184158	0.0758821	0.561038	0.00380158
0.23	0.501368	1.56372	0.0190062	0.0749844	0.557457	0.00392461
0.2325	0.502699	1.56425	0.0184814	0.0743191	0.558433	0.00368172
0.235	0.496799	1.5669	0.0197285	0.0741975	0.552636	0.00229764
0.2375	0.492415	1.56591	0.0206274	0.0731781	0.547671	0.00263198
0.24	0.490165	1.56743	0.0209903	0.072798	0.544928	0.00191547
0.2425	0.489439	1.56366	0.0209619	0.071145	0.543919	0.00368321
0.245	0.486966	1.56573	0.0213852	0.0709181	0.54135	0.00283223
0.2475	0.482634	1.56637	0.0223013	0.0703616	0.536762	0.00241552
