0	-5.12804
0.00666667	-6.76023
0.0133333	-5.12756
0.02	-5.12697
0.0266667	-5.12614
0.0333333	-5.12506
0.04	-5.12376
0.0466667	-5.12221
0.0533333	-5.12043
0.06	-5.1184
0.0666667	-5.11614
0.0733333	-5.11365
0.08	-5.11091
0.0866667	-5.10794
0.0933333	-5.10473
0.1	-5.10129
0.106667	-5.09761
0.113333	-5.09369
0.12	-5.08953
0.126667	-5.08514
0.133333	-5.08051
0.14	-5.07565
0.146667	-5.07055
0.153333	-5.06522
0.16	-5.05965
0.166667	-5.05385
0.173333	-5.04781
0.18	-5.04154
0.186667	-5.03503
0.193333	-5.02829
0.2	-5.02132
0.206667	-5.01411
0.213333	-5.00667
0.22	-4.999
0.226667	-4.9911
0.233333	-4.98297
0.24	-4.9746
0.246667	-4.96601
0.253333	-4.95718
0.26	-4.94813
0.266667	-4.93884
0.273333	-4.92933
0.28	-4.91958
0.286667	-4.90961
0.293333	-4.89942
0.3	-4.88899
0.306667	-4.87834
0.313333	-4.86746
0.32	-4.85636
0.326667	-4.84503
0.333333	-4.83348
0.34	-4.8217
0.346667	-4.8097
0.353333	-4.79748
0.36	-4.78503
0.366667	-4.77237
0.373333	-4.75948
0.38	-4.74637
0.386667	-4.73304
0.393333	-4.7195
0.4	-4.70573
0.406667	-4.69175
0.413333	-4.67755
0.42	-4.66313
0.426667	-4.6485
0.433333	-4.63366
0.44	-4.61859
0.446667	-4.60332
0.453333	-4.58783
0.46	-4.57213
0.466667	-4.55622
0.473333	-4.5401
0.48	-4.52377
0.486667	-4.50723
0.493333	-4.49048
0.5	-4.47352
0.506667	-4.45636
0.513333	-4.43899
0.52	-4.42142
0.526667	-4.40364
0.533333	-4.38566
0.54	-4.36748
0.546667	-4.34909
0.553333	-4.33051
0.56	-4.31172
0.566667	-4.29274
0.573333	-4.27356
0.58	-4.25418
0.586667	-4.2346
0.593333	-4.21484
0.6	-4.19487
0.606667	-4.17472
0.613333	-4.15437
0.62	-4.13383
0.626667	-4.1131
0.633333	-4.09218
0.64	-4.07107
0.646667	-4.04978
0.653333	-4.0283
0.66	-4.00663
0.666667	-3.98478
0.673333	-3.96275
0.68	-3.94053
0.686667	-3.91814
0.693333	-3.89556
0.7	-3.87281
0.706667	-3.84988
0.713333	-3.82677
0.72	-3.80349
0.726667	-3.78003
0.733333	-3.7564
0.74	-3.7326
0.746667	-3.70863
0.753333	-3.68449
0.76	-3.66018
0.766667	-3.6357
0.773333	-3.61106
0.78	-3.58625
0.786667	-3.56128
0.793333	-3.53615
0.8	-3.51085
0.806667	-3.4854
0.813333	-3.45978
0.82	-3.43401
0.826667	-3.40809
0.833333	-3.38201
0.84	-3.35577
0.846667	-3.32938
0.853333	-3.30285
0.86	-3.27616
0.866667	-3.24932
0.873333	-3.22234
0.88	-3.19521
0.886667	-3.16794
0.893333	-3.14052
0.9	-3.11296
0.906667	-3.08526
0.913333	-3.05743
0.92	-3.02945
0.926667	-3.00134
0.933333	-2.97309
0.94	-2.94471
0.946667	-2.9162
0.953333	-2.88756
0.96	-2.85879
0.966667	-2.82989
0.973333	-2.80086
0.98	-2.77171
0.986667	-2.74244
0.993333	-2.71304
1	-2.68352
1.00667	-2.65389
1.01333	-2.62413
1.02	-2.59426
1.02667	-2.56428
1.03333	-2.53418
1.04	-2.50397
1.04667	-2.47365
1.05333	-2.44322
1.06	-2.41268
1.06667	-2.38204
1.07333	-2.35129
1.08	-2.32044
1.08667	-2.28949
1.09333	-2.25844
1.1	-2.22729
1.10667	-2.19604
1.11333	-2.1647
1.12	-2.13327
1.12667	-2.10174
1.13333	-2.07013
1.14	-2.03842
1.14667	-2.00663
1.15333	-1.97475
1.16	-1.94279
1.16667	-1.91074
1.17333	-1.87862
1.18	-1.84642
1.18667	-1.81413
1.19333	-1.78177
1.2	-1.74934
1.20667	-1.71684
1.21333	-1.68426
1.22	-1.65161
1.22667	-1.6189
1.23333	-1.58612
1.24	-1.55327
1.24667	-1.52037
1.25333	-1.4874
1.26	-1.45437
1.26667	-1.42128
1.27333	-1.38814
1.28	-1.35494
1.28667	-1.32169
1.29333	-1.28838
1.3	-1.25503
1.30667	-1.22163
1.31333	-1.18818
1.32	-1.15469
1.32667	-1.12116
1.33333	-1.08758
1.34	-1.05397
1.34667	-1.02031
1.35333	-0.986623
1.36	-0.952899
1.36667	-0.919142
1.37333	-0.885353
1.38	-0.851536
1.38667	-0.81769
1.39333	-0.783819
1.4	-0.749923
1.40667	-0.716005
1.41333	-0.682066
1.42	-0.648107
1.42667	-0.614131
1.43333	-0.58014
1.44	-0.546134
1.44667	-0.512116
1.45333	-0.478088
1.46	-0.44405
1.46667	-0.410006
1.47333	-0.375956
1.48	-0.341902
1.48667	-0.307847
1.49333	-0.273791
1.5	-0.239737
1.50667	-0.205686
1.51333	-0.17164
1.52	-0.1376
1.52667	-0.103569
1.53333	-0.0695482
1.54	-0.0355392
1.54667	-0.00154385
1.55333	0.0324362
1.56	0.0663992
1.56667	0.100343
1.57333	0.134267
1.58	0.168169
1.58667	0.202046
1.59333	0.235898
1.6	0.269722
1.60667	0.303518
1.61333	0.337282
1.62	0.371014
1.62667	0.404711
1.63333	0.438373
1.64	0.471996
1.64667	0.505581
1.65333	0.539124
1.66	0.572624
1.66667	0.60608
1.67333	0.639489
1.68	0.67285
1.68667	0.706162
1.69333	0.739422
1.7	0.772629
1.70667	0.805781
1.71333	0.838877
1.72	0.871914
1.72667	0.904891
1.73333	0.937807
1.74	0.97066
1.74667	1.00345
1.75333	1.03617
1.76	1.06882
1.76667	1.1014
1.77333	1.13392
1.78	1.16635
1.78667	1.19872
1.79333	1.231
1.8	1.26321
1.80667	1.29534
1.81333	1.32738
1.82	1.35935
1.82667	1.39122
1.83333	1.42302
1.84	1.45472
1.84667	1.48633
1.85333	1.51786
1.86	1.54929
1.86667	1.58062
1.87333	1.61186
1.88	1.643
1.88667	1.67404
1.89333	1.70498
1.9	1.73582
1.90667	1.76655
1.91333	1.79718
1.92	1.8277
1.92667	1.85811
1.93333	1.88841
1.94	1.9186
1.94667	1.94867
1.95333	1.97863
1.96	2.00848
1.96667	2.0382
1.97333	2.06781
1.98	2.09729
1.98667	2.12665
1.99333	2.15589
2	2.185
2.00667	2.21398
2.01333	2.24284
2.02	2.27156
2.02667	2.30016
2.03333	2.32862
2.04	2.35694
2.04667	2.38513
2.05333	2.41319
2.06	2.4411
2.06667	2.46887
2.07333	2.4965
2.08	2.52399
2.08667	2.55133
2.09333	2.57853
2.1	2.60558
2.10667	2.63248
2.11333	2.65923
2.12	2.68583
2.12667	2.71228
2.13333	2.73857
2.14	2.76471
2.14667	2.79069
2.15333	2.81651
2.16	2.84217
2.16667	2.86767
2.17333	2.89301
2.18	2.91819
2.18667	2.9432
2.19333	2.96804
2.2	2.99272
2.20667	3.01723
2.21333	3.04157
2.22	3.06574
2.22667	3.08973
2.23333	3.11356
2.24	3.1372
2.24667	3.16068
2.25333	3.18397
2.26	3.20709
2.26667	3.23003
2.27333	3.25279
2.28	3.27536
2.28667	3.29776
2.29333	3.31997
2.3	3.34199
2.30667	3.36383
2.31333	3.38548
2.32	3.40694
2.32667	3.42822
2.33333	3.4493
2.34	3.47019
2.34667	3.49089
2.35333	3.5114
2.36	3.53171
2.36667	3.55183
2.37333	3.57175
2.38	3.59147
2.38667	3.61099
2.39333	3.63032
2.4	3.64944
2.40667	3.66836
2.41333	3.68708
2.42	3.7056
2.42667	3.72392
2.43333	3.74202
2.44	3.75993
2.44667	3.77762
2.45333	3.79511
2.46	3.81239
2.46667	3.82946
2.47333	3.84633
2.48	3.86298
2.48667	3.87942
2.49333	3.89564
2.5	3.91166
2.50667	3.92746
2.51333	3.94304
2.52	3.95841
2.52667	3.97356
2.53333	3.9885
2.54	4.00322
2.54667	4.01772
2.55333	4.03201
2.56	4.04607
2.56667	4.05991
2.57333	4.07353
2.58	4.08694
2.58667	4.10011
2.59333	4.11307
2.6	4.12581
2.60667	4.13832
2.61333	4.1506
2.62	4.16266
2.62667	4.1745
2.63333	4.18611
2.64	4.19749
2.64667	4.20865
2.65333	4.21958
2.66	4.23028
2.66667	4.24076
2.67333	4.251
2.68	4.26102
2.68667	4.27081
2.69333	4.28037
2.7	4.28969
2.70667	4.29879
2.71333	4.30766
2.72	4.31629
2.72667	4.3247
2.73333	4.33287
2.74	4.34081
2.74667	4.34852
2.75333	4.356
2.76	4.36324
2.76667	4.37025
2.77333	4.37703
2.78	4.38357
2.78667	4.38988
2.79333	4.39595
2.8	4.4018
2.80667	4.4074
2.81333	4.41278
2.82	4.41792
2.82667	4.42282
2.83333	4.42749
2.84	4.43193
2.84667	4.43613
2.85333	4.4401
2.86	4.44383
2.86667	4.44732
2.87333	4.45059
2.88	4.45361
2.88667	4.45641
2.89333	4.45896
2.9	4.46129
2.90667	4.46337
2.91333	4.46523
2.92	4.46685
2.92667	4.46823
2.93333	4.46938
2.94	4.4703
2.94667	4.47098
2.95333	4.47143
2.96	4.47165
2.96667	4.47163
2.97333	4.47138
2.98	4.4709
2.98667	4.47018
2.99333	4.46923
3	4.46805
3.00667	4.46664
3.01333	4.46499
3.02	4.46312
3.02667	4.46101
3.03333	4.45867
3.04	4.4561
3.04667	4.45331
3.05333	4.45028
3.06	4.44702
3.06667	4.44354
3.07333	4.43982
3.08	4.43588
3.08667	4.43171
3.09333	4.42732
3.1	4.42269
3.10667	4.41785
3.11333	4.41277
3.12	4.40747
3.12667	4.40195
3.13333	4.3962
3.14	4.39023
3.14667	4.38404
3.15333	4.37762
3.16	4.37098
3.16667	4.36413
3.17333	4.35705
3.18	4.34975
3.18667	4.34223
3.19333	4.33449
3.2	4.32654
3.20667	4.31837
3.21333	4.30998
3.22	4.30138
3.22667	4.29256
3.23333	4.28353
3.24	4.27429
3.24667	4.26483
3.25333	4.25516
3.26	4.24528
3.26667	4.23519
3.27333	4.22489
3.28	4.21438
3.28667	4.20366
3.29333	4.19274
3.3	4.18161
3.30667	4.17027
3.31333	4.15874
3.32	4.14699
3.32667	4.13505
3.33333	4.1229
3.34	4.11056
3.34667	4.09801
3.35333	4.08527
3.36	4.07233
3.36667	4.05919
3.37333	4.04585
3.38	4.03232
3.38667	4.0186
3.39333	4.00469
3.4	3.99058
3.40667	3.97629
3.41333	3.9618
3.42	3.94713
3.42667	3.93227
3.43333	3.91722
3.44	3.90199
3.44667	3.88657
3.45333	3.87097
3.46	3.85519
3.46667	3.83924
3.47333	3.8231
3.48	3.80678
3.48667	3.79029
3.49333	3.77362
3.5	3.75677
3.50667	3.73976
3.51333	3.72257
3.52	3.70521
3.52667	3.68768
3.53333	3.66999
3.54	3.65213
3.54667	3.6341
3.55333	3.6159
3.56	3.59755
3.56667	3.57903
3.57333	3.56036
3.58	3.54152
3.58667	3.52253
3.59333	3.50338
3.6	3.48407
3.60667	3.46461
3.61333	3.445
3.62	3.42524
3.62667	3.40533
3.63333	3.38528
3.64	3.36507
3.64667	3.34472
3.65333	3.32423
3.66	3.30359
3.66667	3.28282
3.67333	3.2619
3.68	3.24085
3.68667	3.21966
3.69333	3.19833
3.7	3.17687
3.70667	3.15528
3.71333	3.13356
3.72	3.11171
3.72667	3.08974
3.73333	3.06763
3.74	3.04541
3.74667	3.02306
3.75333	3.00059
3.76	2.978
3.76667	2.95529
3.77333	2.93246
3.78	2.90952
3.78667	2.88646
3.79333	2.8633
3.8	2.84002
3.80667	2.81663
3.81333	2.79314
3.82	2.76954
3.82667	2.74584
3.83333	2.72204
3.84	2.69813
3.84667	2.67413
3.85333	2.65002
3.86	2.62582
3.86667	2.60153
3.87333	2.57715
3.88	2.55267
3.88667	2.52811
3.89333	2.50345
3.9	2.47871
3.90667	2.45389
3.91333	2.42898
3.92	2.40399
3.92667	2.37893
3.93333	2.35378
3.94	2.32856
3.94667	2.30327
3.95333	2.2779
3.96	2.25246
3.96667	2.22695
3.97333	2.20137
3.98	2.17573
3.98667	2.15002
3.99333	2.12426
4	2.09842
4.00667	2.07254
4.01333	2.04659
4.02	2.02059
4.02667	1.99453
4.03333	1.96842
4.04	1.94226
4.04667	1.91605
4.05333	1.88979
4.06	1.86349
4.06667	1.83715
4.07333	1.81076
4.08	1.78433
4.08667	1.75786
4.09333	1.73136
4.1	1.70482
4.10667	1.67824
4.11333	1.65164
4.12	1.625
4.12667	1.59834
4.13333	1.57165
4.14	1.54493
4.14667	1.51819
4.15333	1.49143
4.16	1.46465
4.16667	1.43785
4.17333	1.41103
4.18	1.3842
4.18667	1.35736
4.19333	1.3305
4.2	1.30364
4.20667	1.27676
4.21333	1.24989
4.22	1.223
4.22667	1.19611
4.23333	1.16922
4.24	1.14233
4.24667	1.11545
4.25333	1.08856
4.26	1.06169
4.26667	1.03482
4.27333	1.00795
4.28	0.981103
4.28667	0.954263
4.29333	0.927437
4.3	0.900627
4.30667	0.873833
4.31333	0.847058
4.32	0.820303
4.32667	0.793571
4.33333	0.766861
4.34	0.740177
4.34667	0.71352
4.35333	0.686891
4.36	0.660292
4.36667	0.633725
4.37333	0.60719
4.38	0.580691
4.38667	0.554228
4.39333	0.527804
4.4	0.501418
4.40667	0.475074
4.41333	0.448773
4.42	0.422516
4.42667	0.396305
4.43333	0.370141
4.44	0.344027
4.44667	0.317963
4.45333	0.29195
4.46	0.265992
4.46667	0.240088
4.47333	0.214242
4.48	0.188453
4.48667	0.162724
4.49333	0.137056
4.5	0.111451
4.50667	0.0859097
4.51333	0.0604341
4.52	0.0350255
4.52667	0.00968546
4.53333	-0.0155847
4.54	-0.0407834
4.54667	-0.0659093
4.55333	-0.090961
4.56	-0.115937
4.56667	-0.140836
4.57333	-0.165656
4.58	-0.190397
4.58667	-0.215056
4.59333	-0.239633
4.6	-0.264126
4.60667	-0.288533
4.61333	-0.312854
4.62	-0.337086
4.62667	-0.361229
4.63333	-0.385282
4.64	-0.409242
4.64667	-0.433109
4.65333	-0.456882
4.66	-0.480558
4.66667	-0.504138
4.67333	-0.527619
4.68	-0.551
4.68667	-0.57428
4.69333	-0.597458
4.7	-0.620533
4.70667	-0.643503
4.71333	-0.666367
4.72	-0.689124
4.72667	-0.711773
4.73333	-0.734313
4.74	-0.756741
4.74667	-0.779059
4.75333	-0.801263
4.76	-0.823353
4.76667	-0.845329
4.77333	-0.867188
4.78	-0.88893
4.78667	-0.910553
4.79333	-0.932057
4.8	-0.95344
4.80667	-0.974702
4.81333	-0.99584
4.82	-1.01686
4.82667	-1.03775
4.83333	-1.05851
4.84	-1.07915
4.84667	-1.09966
4.85333	-1.12004
4.86	-1.14029
4.86667	-1.16042
4.87333	-1.18041
4.88	-1.20026
4.88667	-1.21999
4.89333	-1.23958
4.9	-1.25903
4.90667	-1.27835
4.91333	-1.29753
4.92	-1.31658
4.92667	-1.33548
4.93333	-1.35425
4.94	-1.37287
4.94667	-1.39136
4.95333	-1.4097
4.96	-1.4279
4.96667	-1.44596
4.97333	-1.46387
4.98	-1.48164
4.98667	-1.49926
4.99333	-1.51673
5	-1.53406
5.00667	-1.55124
5.01333	-1.56828
5.02	-1.58516
5.02667	-1.60189
5.03333	-1.61848
5.04	-1.63491
5.04667	-1.65119
5.05333	-1.66732
5.06	-1.68329
5.06667	-1.69912
5.07333	-1.71478
5.08	-1.7303
5.08667	-1.74566
5.09333	-1.76086
5.1	-1.77591
5.10667	-1.7908
5.11333	-1.80553
5.12	-1.82011
5.12667	-1.83453
5.13333	-1.84879
5.14	-1.86289
5.14667	-1.87683
5.15333	-1.89061
5.16	-1.90423
5.16667	-1.9177
5.17333	-1.931
5.18	-1.94414
5.18667	-1.95712
5.19333	-1.96993
5.2	-1.98259
5.20667	-1.99508
5.21333	-2.00741
5.22	-2.01958
5.22667	-2.03158
5.23333	-2.04342
5.24	-2.0551
5.24667	-2.06661
5.25333	-2.07796
5.26	-2.08914
5.26667	-2.10016
5.27333	-2.11102
5.28	-2.12171
5.28667	-2.13223
5.29333	-2.14259
5.3	-2.15279
5.30667	-2.16282
5.31333	-2.17268
5.32	-2.18238
5.32667	-2.19192
5.33333	-2.20129
5.34	-2.21049
5.34667	-2.21953
5.35333	-2.2284
5.36	-2.23711
5.36667	-2.24565
5.37333	-2.25403
5.38	-2.26224
5.38667	-2.27028
5.39333	-2.27816
5.4	-2.28588
5.40667	-2.29343
5.41333	-2.30082
5.42	-2.30804
5.42667	-2.31509
5.43333	-2.32198
5.44	-2.32871
5.44667	-2.33527
5.45333	-2.34167
5.46	-2.34791
5.46667	-2.35398
5.47333	-2.35989
5.48	-2.36563
5.48667	-2.37121
5.49333	-2.37663
5.5	-2.38189
5.50667	-2.38698
5.51333	-2.39192
5.52	-2.39669
5.52667	-2.4013
5.53333	-2.40575
5.54	-2.41004
5.54667	-2.41417
5.55333	-2.41814
5.56	-2.42195
5.56667	-2.4256
5.57333	-2.4291
5.58	-2.43243
5.58667	-2.43561
5.59333	-2.43863
5.6	-2.4415
5.60667	-2.4442
5.61333	-2.44676
5.62	-2.44915
5.62667	-2.45139
5.63333	-2.45348
5.64	-2.45541
5.64667	-2.4572
5.65333	-2.45882
5.66	-2.4603
5.66667	-2.46162
5.67333	-2.4628
5.68	-2.46382
5.68667	-2.46469
5.69333	-2.46541
5.7	-2.46599
5.70667	-2.46642
5.71333	-2.4667
5.72	-2.46683
5.72667	-2.46682
5.73333	-2.46666
5.74	-2.46635
5.74667	-2.46591
5.75333	-2.46532
5.76	-2.46458
5.76667	-2.46371
5.77333	-2.46269
5.78	-2.46153
5.78667	-2.46024
5.79333	-2.4588
5.8	-2.45723
5.80667	-2.45552
5.81333	-2.45367
5.82	-2.45169
5.82667	-2.44957
5.83333	-2.44732
5.84	-2.44493
5.84667	-2.44241
5.85333	-2.43976
5.86	-2.43698
5.86667	-2.43407
5.87333	-2.43103
5.88	-2.42786
5.88667	-2.42456
5.89333	-2.42114
5.9	-2.41759
5.90667	-2.41391
5.91333	-2.41012
5.92	-2.4062
5.92667	-2.40215
5.93333	-2.39799
5.94	-2.3937
5.94667	-2.3893
5.95333	-2.38478
5.96	-2.38014
5.96667	-2.37538
5.97333	-2.37051
5.98	-2.36552
5.98667	-2.36042
5.99333	-2.35521
6	-2.34989
6.00667	-2.34445
6.01333	-2.33891
6.02	-2.33326
6.02667	-2.3275
6.03333	-2.32163
6.04	-2.31566
6.04667	-2.30958
6.05333	-2.3034
6.06	-2.29712
6.06667	-2.29073
6.07333	-2.28425
6.08	-2.27766
6.08667	-2.27098
6.09333	-2.2642
6.1	-2.25733
6.10667	-2.25036
6.11333	-2.24329
6.12	-2.23614
6.12667	-2.22889
6.13333	-2.22155
6.14	-2.21412
6.14667	-2.2066
6.15333	-2.19899
6.16	-2.1913
6.16667	-2.18353
6.17333	-2.17567
6.18	-2.16772
6.18667	-2.1597
6.19333	-2.15159
6.2	-2.1434
6.20667	-2.13514
6.21333	-2.1268
6.22	-2.11838
6.22667	-2.10989
6.23333	-2.10132
6.24	-2.09268
6.24667	-2.08397
6.25333	-2.07519
6.26	-2.06633
6.26667	-2.05741
6.27333	-2.04843
6.28	-2.03937
6.28667	-2.03026
6.29333	-2.02107
6.3	-2.01183
6.30667	-2.00253
6.31333	-1.99316
6.32	-1.98374
6.32667	-1.97425
6.33333	-1.96471
6.34	-1.95512
6.34667	-1.94547
6.35333	-1.93577
6.36	-1.92601
6.36667	-1.91621
6.37333	-1.90635
6.38	-1.89645
6.38667	-1.8865
6.39333	-1.8765
6.4	-1.86645
6.40667	-1.85637
6.41333	-1.84624
6.42	-1.83607
6.42667	-1.82585
6.43333	-1.8156
6.44	-1.80531
6.44667	-1.79498
6.45333	-1.78462
6.46	-1.77422
6.46667	-1.76379
6.47333	-1.75333
6.48	-1.74283
6.48667	-1.7323
6.49333	-1.72175
6.5	-1.71117
6.50667	-1.70056
6.51333	-1.68992
6.52	-1.67926
6.52667	-1.66858
6.53333	-1.65787
6.54	-1.64714
6.54667	-1.6364
6.55333	-1.62563
6.56	-1.61485
6.56667	-1.60404
6.57333	-1.59323
6.58	-1.5824
6.58667	-1.57155
6.59333	-1.56069
6.6	-1.54983
6.60667	-1.53895
6.61333	-1.52806
6.62	-1.51716
6.62667	-1.50626
6.63333	-1.49535
6.64	-1.48444
6.64667	-1.47352
6.65333	-1.4626
6.66	-1.45168
6.66667	-1.44076
6.67333	-1.42983
6.68	-1.41891
6.68667	-1.40799
6.69333	-1.39708
6.7	-1.38617
6.70667	-1.37527
6.71333	-1.36437
6.72	-1.35348
6.72667	-1.3426
6.73333	-1.33172
6.74	-1.32086
6.74667	-1.31001
6.75333	-1.29918
6.76	-1.28835
6.76667	-1.27754
6.77333	-1.26675
6.78	-1.25597
6.78667	-1.24521
6.79333	-1.23447
6.8	-1.22375
6.80667	-1.21305
6.81333	-1.20237
6.82	-1.19171
6.82667	-1.18107
6.83333	-1.17046
6.84	-1.15987
6.84667	-1.14931
6.85333	-1.13878
6.86	-1.12827
6.86667	-1.11779
6.87333	-1.10734
6.88	-1.09692
6.88667	-1.08654
6.89333	-1.07618
6.9	-1.06585
6.90667	-1.05556
6.91333	-1.04531
6.92	-1.03509
6.92667	-1.0249
6.93333	-1.01475
6.94	-1.00464
6.94667	-0.994566
6.95333	-0.984532
6.96	-0.974537
6.96667	-0.964584
6.97333	-0.954671
6.98	-0.944801
6.98667	-0.934974
6.99333	-0.92519
7	-0.91545
7.00667	-0.905755
7.01333	-0.896106
7.02	-0.886504
7.02667	-0.876948
7.03333	-0.86744
7.04	-0.857981
7.04667	-0.848571
7.05333	-0.83921
7.06	-0.8299
7.06667	-0.820641
7.07333	-0.811434
7.08	-0.802279
7.08667	-0.793177
7.09333	-0.784128
7.1	-0.775134
7.10667	-0.766194
7.11333	-0.75731
7.12	-0.748481
7.12667	-0.739709
7.13333	-0.730993
7.14	-0.722336
7.14667	-0.713736
7.15333	-0.705195
7.16	-0.696712
7.16667	-0.68829
7.17333	-0.679927
7.18	-0.671626
7.18667	-0.663385
7.19333	-0.655205
7.2	-0.647088
7.20667	-0.639033
7.21333	-0.631041
7.22	-0.623112
7.22667	-0.615247
7.23333	-0.607447
7.24	-0.59971
7.24667	-0.592039
7.25333	-0.584433
7.26	-0.576893
7.26667	-0.569418
7.27333	-0.56201
7.28	-0.554669
7.28667	-0.547396
7.29333	-0.540189
7.3	-0.53305
7.30667	-0.52598
7.31333	-0.518978
7.32	-0.512044
7.32667	-0.50518
7.33333	-0.498385
7.34	-0.491659
7.34667	-0.485003
7.35333	-0.478417
7.36	-0.471901
7.36667	-0.465456
7.37333	-0.459081
7.38	-0.452778
7.38667	-0.446545
7.39333	-0.440384
7.4	-0.434294
7.40667	-0.428276
7.41333	-0.42233
7.42	-0.416456
7.42667	-0.410654
7.43333	-0.404924
7.44	-0.399266
7.44667	-0.393681
7.45333	-0.388168
7.46	-0.382729
7.46667	-0.377361
7.47333	-0.372067
7.48	-0.366846
7.48667	-0.361698
7.49333	-0.356622
7.5	-0.35162
7.50667	-0.346691
7.51333	-0.341835
7.52	-0.337052
7.52667	-0.332343
7.53333	-0.327706
7.54	-0.323143
7.54667	-0.318653
7.55333	-0.314236
7.56	-0.309892
7.56667	-0.305621
7.57333	-0.301422
7.58	-0.297297
7.58667	-0.293245
7.59333	-0.289265
7.6	-0.285358
7.60667	-0.281523
7.61333	-0.277761
7.62	-0.274072
7.62667	-0.270454
7.63333	-0.266908
7.64	-0.263435
7.64667	-0.260033
7.65333	-0.256703
7.66	-0.253444
7.66667	-0.250256
7.67333	-0.24714
7.68	-0.244094
7.68667	-0.241119
7.69333	-0.238214
7.7	-0.23538
7.70667	-0.232616
7.71333	-0.229921
7.72	-0.227297
7.72667	-0.224741
7.73333	-0.222255
7.74	-0.219837
7.74667	-0.217488
7.75333	-0.215207
7.76	-0.212994
7.76667	-0.210848
7.77333	-0.20877
7.78	-0.206759
7.78667	-0.204815
7.79333	-0.202937
7.8	-0.201125
7.80667	-0.199379
7.81333	-0.197699
7.82	-0.196083
7.82667	-0.194532
7.83333	-0.193045
7.84	-0.191623
7.84667	-0.190263
7.85333	-0.188967
7.86	-0.187734
7.86667	-0.186563
7.87333	-0.185454
7.88	-0.184407
7.88667	-0.183421
7.89333	-0.182495
7.9	-0.18163
7.90667	-0.180825
7.91333	-0.180078
7.92	-0.179391
7.92667	-0.178763
7.93333	-0.178192
7.94	-0.177679
7.94667	-0.177223
7.95333	-0.176823
7.96	-0.17648
7.96667	-0.176192
7.97333	-0.17596
7.98	-0.175782
7.98667	-0.175658
7.99333	-0.175587
8	-0.17557
8.00667	-0.175605
8.01333	-0.175692
8.02	-0.175831
8.02667	-0.176021
8.03333	-0.17626
8.04	-0.17655
8.04667	-0.176889
8.05333	-0.177277
8.06	-0.177713
8.06667	-0.178196
8.07333	-0.178727
8.08	-0.179304
8.08667	-0.179927
8.09333	-0.180595
8.1	-0.181307
8.10667	-0.182064
8.11333	-0.182864
8.12	-0.183707
8.12667	-0.184593
8.13333	-0.18552
8.14	-0.186488
8.14667	-0.187496
8.15333	-0.188544
8.16	-0.189632
8.16667	-0.190758
8.17333	-0.191922
8.18	-0.193123
8.18667	-0.194361
8.19333	-0.195635
8.2	-0.196944
8.20667	-0.198288
8.21333	-0.199666
8.22	-0.201077
8.22667	-0.202521
8.23333	-0.203997
8.24	-0.205505
8.24667	-0.207043
8.25333	-0.208612
8.26	-0.21021
8.26667	-0.211837
8.27333	-0.213492
8.28	-0.215174
8.28667	-0.216883
8.29333	-0.218618
8.3	-0.220379
8.30667	-0.222164
8.31333	-0.223973
8.32	-0.225806
8.32667	-0.227661
8.33333	-0.229538
8.34	-0.231437
8.34667	-0.233356
8.35333	-0.235295
8.36	-0.237253
8.36667	-0.23923
8.37333	-0.241225
8.38	-0.243237
8.38667	-0.245265
8.39333	-0.247309
8.4	-0.249368
8.40667	-0.251441
8.41333	-0.253529
8.42	-0.255629
8.42667	-0.257741
8.43333	-0.259865
8.44	-0.262
8.44667	-0.264145
8.45333	-0.266299
8.46	-0.268462
8.46667	-0.270634
8.47333	-0.272813
8.48	-0.274998
8.48667	-0.27719
8.49333	-0.279386
8.5	-0.281588
8.50667	-0.283793
8.51333	-0.286002
8.52	-0.288213
8.52667	-0.290426
8.53333	-0.29264
8.54	-0.294854
8.54667	-0.297069
8.55333	-0.299282
8.56	-0.301494
8.56667	-0.303704
8.57333	-0.30591
8.58	-0.308113
8.58667	-0.310312
8.59333	-0.312506
8.6	-0.314694
8.60667	-0.316876
8.61333	-0.31905
8.62	-0.321218
8.62667	-0.323376
8.63333	-0.325526
8.64	-0.327666
8.64667	-0.329796
8.65333	-0.331914
8.66	-0.334021
8.66667	-0.336116
8.67333	-0.338198
8.68	-0.340266
8.68667	-0.34232
8.69333	-0.344359
8.7	-0.346383
8.70667	-0.34839
8.71333	-0.350381
8.72	-0.352354
8.72667	-0.354309
8.73333	-0.356246
8.74	-0.358163
8.74667	-0.36006
8.75333	-0.361937
8.76	-0.363793
8.76667	-0.365627
8.77333	-0.367438
8.78	-0.369227
8.78667	-0.370992
8.79333	-0.372733
8.8	-0.374449
8.80667	-0.376139
8.81333	-0.377804
8.82	-0.379443
8.82667	-0.381054
8.83333	-0.382638
8.84	-0.384194
8.84667	-0.38572
8.85333	-0.387218
8.86	-0.388686
8.86667	-0.390123
8.87333	-0.391529
8.88	-0.392904
8.88667	-0.394247
8.89333	-0.395557
8.9	-0.396835
8.90667	-0.398078
8.91333	-0.399288
8.92	-0.400463
8.92667	-0.401603
8.93333	-0.402707
8.94	-0.403775
8.94667	-0.404806
8.95333	-0.405801
8.96	-0.406757
8.96667	-0.407676
8.97333	-0.408556
8.98	-0.409397
8.98667	-0.410199
8.99333	-0.410961
9	-0.411683
9.00667	-0.412363
9.01333	-0.413003
9.02	-0.4136
9.02667	-0.414156
9.03333	-0.414669
9.04	-0.41514
9.04667	-0.415566
9.05333	-0.415949
9.06	-0.416288
9.06667	-0.416583
9.07333	-0.416832
9.08	-0.417036
9.08667	-0.417195
9.09333	-0.417307
9.1	-0.417373
9.10667	-0.417392
9.11333	-0.417365
9.12	-0.417289
9.12667	-0.417166
9.13333	-0.416994
9.14	-0.416774
9.14667	-0.416506
9.15333	-0.416188
9.16	-0.415821
9.16667	-0.415403
9.17333	-0.414936
9.18	-0.414419
9.18667	-0.413851
9.19333	-0.413232
9.2	-0.412562
9.20667	-0.41184
9.21333	-0.411067
9.22	-0.410242
9.22667	-0.409365
9.23333	-0.408435
9.24	-0.407452
9.24667	-0.406417
9.25333	-0.405328
9.26	-0.404187
9.26667	-0.402991
9.27333	-0.401742
9.28	-0.400439
9.28667	-0.399082
9.29333	-0.397671
9.3	-0.396205
9.30667	-0.394684
9.31333	-0.393109
9.32	-0.391478
9.32667	-0.389793
9.33333	-0.388052
9.34	-0.386256
9.34667	-0.384404
9.35333	-0.382497
9.36	-0.380534
9.36667	-0.378515
9.37333	-0.37644
9.38	-0.374309
9.38667	-0.372122
9.39333	-0.369879
9.4	-0.367579
9.40667	-0.365223
9.41333	-0.362811
9.42	-0.360342
9.42667	-0.357816
9.43333	-0.355234
9.44	-0.352595
9.44667	-0.3499
9.45333	-0.347148
9.46	-0.344339
9.46667	-0.341474
9.47333	-0.338551
9.48	-0.335573
9.48667	-0.332537
9.49333	-0.329445
9.5	-0.326296
9.50667	-0.32309
9.51333	-0.319828
9.52	-0.31651
9.52667	-0.313135
9.53333	-0.309703
9.54	-0.306215
9.54667	-0.302671
9.55333	-0.299071
9.56	-0.295414
9.56667	-0.291701
9.57333	-0.287933
9.58	-0.284109
9.58667	-0.280228
9.59333	-0.276293
9.6	-0.272302
9.60667	-0.268255
9.61333	-0.264153
9.62	-0.259996
9.62667	-0.255784
9.63333	-0.251518
9.64	-0.247197
9.64667	-0.242821
9.65333	-0.238391
9.66	-0.233907
9.66667	-0.229369
9.67333	-0.224777
9.68	-0.220131
9.68667	-0.215433
9.69333	-0.210681
9.7	-0.205876
9.70667	-0.201019
9.71333	-0.196109
9.72	-0.191147
9.72667	-0.186133
9.73333	-0.181067
9.74	-0.17595
9.74667	-0.170781
9.75333	-0.165562
9.76	-0.160292
9.76667	-0.154971
9.77333	-0.1496
9.78	-0.14418
9.78667	-0.138709
9.79333	-0.13319
9.8	-0.127622
9.80667	-0.122005
9.81333	-0.116339
9.82	-0.110626
9.82667	-0.104865
9.83333	-0.0990561
9.84	-0.0932005
9.84667	-0.0872983
9.85333	-0.0813498
9.86	-0.0753553
9.86667	-0.0693151
9.87333	-0.0632297
9.88	-0.0570993
9.88667	-0.0509245
9.89333	-0.0447055
9.9	-0.0384427
9.90667	-0.0321366
9.91333	-0.0257874
9.92	-0.0193957
9.92667	-0.0129618
9.93333	-0.00648611
9.94	3.09417e-05
9.94667	0.00658894
9.95333	0.0131875
9.96	0.0198261
9.96667	0.0265044
9.97333	0.0332219
9.98	0.0399782
9.98667	0.0467729
9.99333	0.0536054
10	0.0604755
10.0067	0.0673825
10.0133	0.074326
10.02	0.0813056
10.0267	0.0883207
10.0333	0.095371
10.04	0.102456
10.0467	0.109575
10.0533	0.116728
10.06	0.123914
10.0667	0.131132
10.0733	0.138383
10.08	0.145666
10.0867	0.152979
10.0933	0.160324
10.1	0.167698
10.1067	0.175102
10.1133	0.182535
10.12	0.189997
10.1267	0.197487
10.1333	0.205005
10.14	0.212549
10.1467	0.22012
10.1533	0.227717
10.16	0.235339
10.1667	0.242986
10.1733	0.250657
10.18	0.258353
10.1867	0.266071
10.1933	0.273812
10.2	0.281575
10.2067	0.289359
10.2133	0.297164
10.22	0.30499
10.2267	0.312836
10.2333	0.3207
10.24	0.328584
10.2467	0.336485
10.2533	0.344404
10.26	0.35234
10.2667	0.360292
10.2733	0.36826
10.28	0.376243
10.2867	0.38424
10.2933	0.392252
10.3	0.400277
10.3067	0.408314
10.3133	0.416364
10.32	0.424425
10.3267	0.432497
10.3333	0.44058
10.34	0.448672
10.3467	0.456773
10.3533	0.464883
10.36	0.473001
10.3667	0.481126
10.3733	0.489258
10.38	0.497395
10.3867	0.505538
10.3933	0.513686
10.4	0.521839
10.4067	0.529994
10.4133	0.538153
10.42	0.546314
10.4267	0.554477
10.4333	0.56264
10.44	0.570805
10.4467	0.578969
10.4533	0.587132
10.46	0.595294
10.4667	0.603454
10.4733	0.611611
10.48	0.619765
10.4867	0.627915
10.4933	0.63606
10.5	0.6442
10.5067	0.652334
10.5133	0.660462
10.52	0.668583
10.5267	0.676696
10.5333	0.684801
10.54	0.692896
10.5467	0.700982
10.5533	0.709058
10.56	0.717123
10.5667	0.725177
10.5733	0.733218
10.58	0.741247
10.5867	0.749262
10.5933	0.757263
10.6	0.76525
10.6067	0.773221
10.6133	0.781177
10.62	0.789115
10.6267	0.797037
10.6333	0.804941
10.64	0.812827
10.6467	0.820694
10.6533	0.828541
10.66	0.836367
10.6667	0.844173
10.6733	0.851958
10.68	0.85972
10.6867	0.86746
10.6933	0.875176
10.7	0.882868
10.7067	0.890536
10.7133	0.898179
10.72	0.905796
10.7267	0.913386
10.7333	0.92095
10.74	0.928486
10.7467	0.935994
10.7533	0.943473
10.76	0.950923
10.7667	0.958343
10.7733	0.965732
10.78	0.97309
10.7867	0.980416
10.7933	0.98771
10.8	0.994971
10.8067	1.0022
10.8133	1.00939
10.82	1.01655
10.8267	1.02368
10.8333	1.03076
10.84	1.03781
10.8467	1.04483
10.8533	1.05181
10.86	1.05875
10.8667	1.06565
10.8733	1.07251
10.88	1.07933
10.8867	1.08611
10.8933	1.09285
10.9	1.09955
10.9067	1.10621
10.9133	1.11282
10.92	1.11939
10.9267	1.12592
10.9333	1.13241
10.94	1.13884
10.9467	1.14524
10.9533	1.15159
10.96	1.15789
10.9667	1.16415
10.9733	1.17035
10.98	1.17652
10.9867	1.18263
10.9933	1.18869
11	1.19471
11.0067	1.20067
11.0133	1.20659
11.02	1.21245
11.0267	1.21827
11.0333	1.22403
11.04	1.22974
11.0467	1.23539
11.0533	1.241
11.06	1.24655
11.0667	1.25204
11.0733	1.25749
11.08	1.26287
11.0867	1.2682
11.0933	1.27348
11.1	1.2787
11.1067	1.28386
11.1133	1.28897
11.12	1.29402
11.1267	1.29901
11.1333	1.30394
11.14	1.30881
11.1467	1.31363
11.1533	1.31838
11.16	1.32308
11.1667	1.32771
11.1733	1.33228
11.18	1.33679
11.1867	1.34125
11.1933	1.34563
11.2	1.34996
11.2067	1.35422
11.2133	1.35842
11.22	1.36256
11.2267	1.36663
11.2333	1.37064
11.24	1.37459
11.2467	1.37847
11.2533	1.38228
11.26	1.38603
11.2667	1.38971
11.2733	1.39333
11.28	1.39688
11.2867	1.40037
11.2933	1.40378
11.3	1.40713
11.3067	1.41041
11.3133	1.41363
11.32	1.41677
11.3267	1.41985
11.3333	1.42286
11.34	1.4258
11.3467	1.42867
11.3533	1.43147
11.36	1.4342
11.3667	1.43685
11.3733	1.43944
11.38	1.44196
11.3867	1.44441
11.3933	1.44679
11.4	1.44909
11.4067	1.45132
11.4133	1.45349
11.42	1.45558
11.4267	1.45759
11.4333	1.45954
11.44	1.46141
11.4467	1.46321
11.4533	1.46494
11.46	1.46659
11.4667	1.46817
11.4733	1.46968
11.48	1.47111
11.4867	1.47247
11.4933	1.47375
11.5	1.47496
11.5067	1.4761
11.5133	1.47716
11.52	1.47815
11.5267	1.47906
11.5333	1.4799
11.54	1.48066
11.5467	1.48135
11.5533	1.48196
11.56	1.48249
11.5667	1.48296
11.5733	1.48334
11.58	1.48365
11.5867	1.48389
11.5933	1.48405
11.6	1.48413
11.6067	1.48414
11.6133	1.48407
11.62	1.48393
11.6267	1.4837
11.6333	1.48341
11.64	1.48304
11.6467	1.48259
11.6533	1.48206
11.66	1.48146
11.6667	1.48079
11.6733	1.48003
11.68	1.4792
11.6867	1.4783
11.6933	1.47732
11.7	1.47626
11.7067	1.47512
11.7133	1.47391
11.72	1.47263
11.7267	1.47127
11.7333	1.46983
11.74	1.46831
11.7467	1.46672
11.7533	1.46506
11.76	1.46332
11.7667	1.4615
11.7733	1.45961
11.78	1.45764
11.7867	1.4556
11.7933	1.45348
11.8	1.45128
11.8067	1.44901
11.8133	1.44667
11.82	1.44425
11.8267	1.44175
11.8333	1.43918
11.84	1.43654
11.8467	1.43382
11.8533	1.43103
11.86	1.42816
11.8667	1.42522
11.8733	1.42221
11.88	1.41912
11.8867	1.41596
11.8933	1.41272
11.9	1.40941
11.9067	1.40603
11.9133	1.40258
11.92	1.39905
11.9267	1.39545
11.9333	1.39178
11.94	1.38803
11.9467	1.38422
11.9533	1.38033
11.96	1.37637
11.9667	1.37234
11.9733	1.36824
11.98	1.36407
11.9867	1.35982
11.9933	1.35551
12	1.35113
12.0067	1.34668
12.0133	1.34215
12.02	1.33756
12.0267	1.3329
12.0333	1.32817
12.04	1.32338
12.0467	1.31851
12.0533	1.31358
12.06	1.30858
12.0667	1.30351
12.0733	1.29837
12.08	1.29317
12.0867	1.2879
12.0933	1.28257
12.1	1.27717
12.1067	1.2717
12.1133	1.26617
12.12	1.26058
12.1267	1.25492
12.1333	1.2492
12.14	1.24341
12.1467	1.23756
12.1533	1.23165
12.16	1.22567
12.1667	1.21963
12.1733	1.21353
12.18	1.20737
12.1867	1.20115
12.1933	1.19486
12.2	1.18852
12.2067	1.18212
12.2133	1.17565
12.22	1.16913
12.2267	1.16255
12.2333	1.15591
12.24	1.14921
12.2467	1.14246
12.2533	1.13564
12.26	1.12877
12.2667	1.12185
12.2733	1.11487
12.28	1.10783
12.2867	1.10074
12.2933	1.09359
12.3	1.08639
12.3067	1.07914
12.3133	1.07183
12.32	1.06447
12.3267	1.05706
12.3333	1.04959
12.34	1.04208
12.3467	1.03451
12.3533	1.02689
12.36	1.01922
12.3667	1.01151
12.3733	1.00374
12.38	0.995928
12.3867	0.988065
12.3933	0.980155
12.4	0.972198
12.4067	0.964195
12.4133	0.956145
12.42	0.94805
12.4267	0.93991
12.4333	0.931725
12.44	0.923497
12.4467	0.915224
12.4533	0.906909
12.46	0.898551
12.4667	0.890152
12.4733	0.881711
12.48	0.873229
12.4867	0.864706
12.4933	0.856144
12.5	0.847542
12.5067	0.838902
12.5133	0.830224
12.52	0.821508
12.5267	0.812754
12.5333	0.803964
12.54	0.795139
12.5467	0.786277
12.5533	0.777381
12.56	0.76845
12.5667	0.759486
12.5733	0.750488
12.58	0.741458
12.5867	0.732395
12.5933	0.723301
12.6	0.714177
12.6067	0.705021
12.6133	0.695836
12.62	0.686622
12.6267	0.677379
12.6333	0.668108
12.64	0.658809
12.6467	0.649484
12.6533	0.640132
12.66	0.630754
12.6667	0.621352
12.6733	0.611924
12.68	0.602473
12.6867	0.592998
12.6933	0.583501
12.7	0.573981
12.7067	0.56444
12.7133	0.554878
12.72	0.545296
12.7267	0.535693
12.7333	0.526072
12.74	0.516432
12.7467	0.506773
12.7533	0.497098
12.76	0.487406
12.7667	0.477697
12.7733	0.467973
12.78	0.458234
12.7867	0.448481
12.7933	0.438714
12.8	0.428934
12.8067	0.419142
12.8133	0.409337
12.82	0.399521
12.8267	0.389695
12.8333	0.379859
12.84	0.370013
12.8467	0.360158
12.8533	0.350295
12.86	0.340425
12.8667	0.330547
12.8733	0.320663
12.88	0.310774
12.8867	0.300879
12.8933	0.29098
12.9	0.281077
12.9067	0.271171
12.9133	0.261262
12.92	0.251351
12.9267	0.241439
12.9333	0.231526
12.94	0.221612
12.9467	0.2117
12.9533	0.201788
12.96	0.191878
12.9667	0.18197
12.9733	0.172065
12.98	0.162163
12.9867	0.152266
12.9933	0.142374
13	0.132487
13.0067	0.122605
13.0133	0.112731
13.02	0.102863
13.0267	0.0930039
13.0333	0.0831528
13.04	0.0733108
13.0467	0.0634784
13.0533	0.0536562
13.06	0.0438449
13.0667	0.0340451
13.0733	0.0242574
13.08	0.0144823
13.0867	0.00472056
13.0933	-0.00502731
13.1	-0.0147607
13.1067	-0.024479
13.1133	-0.0341816
13.12	-0.0438679
13.1267	-0.0535373
13.1333	-0.0631893
13.14	-0.0728232
13.1467	-0.0824384
13.1533	-0.0920343
13.16	-0.10161
13.1667	-0.111166
13.1733	-0.120701
13.18	-0.130214
13.1867	-0.139705
13.1933	-0.149173
13.2	-0.158617
13.2067	-0.168038
13.2133	-0.177435
13.22	-0.186806
13.2267	-0.196151
13.2333	-0.205471
13.24	-0.214763
13.2467	-0.224029
13.2533	-0.233266
13.26	-0.242475
13.2667	-0.251654
13.2733	-0.260805
13.28	-0.269925
13.2867	-0.279014
13.2933	-0.288072
13.3	-0.297098
13.3067	-0.306092
13.3133	-0.315053
13.32	-0.32398
13.3267	-0.332874
13.3333	-0.341733
13.34	-0.350557
13.3467	-0.359345
13.3533	-0.368097
13.36	-0.376813
13.3667	-0.385491
13.3733	-0.394132
13.38	-0.402734
13.3867	-0.411298
13.3933	-0.419823
13.4	-0.428308
13.4067	-0.436752
13.4133	-0.445156
13.42	-0.453518
13.4267	-0.461839
13.4333	-0.470117
13.44	-0.478353
13.4467	-0.486546
13.4533	-0.494694
13.46	-0.502799
13.4667	-0.510859
13.4733	-0.518873
13.48	-0.526842
13.4867	-0.534765
13.4933	-0.542641
13.5	-0.55047
13.5067	-0.558252
13.5133	-0.565986
13.52	-0.573671
13.5267	-0.581308
13.5333	-0.588895
13.54	-0.596432
13.5467	-0.603919
13.5533	-0.611355
13.56	-0.618741
13.5667	-0.626075
13.5733	-0.633357
13.58	-0.640586
13.5867	-0.647763
13.5933	-0.654886
13.6	-0.661956
13.6067	-0.668972
13.6133	-0.675934
13.62	-0.682841
13.6267	-0.689692
13.6333	-0.696488
13.64	-0.703228
13.6467	-0.709911
13.6533	-0.716538
13.66	-0.723108
13.6667	-0.72962
13.6733	-0.736074
13.68	-0.74247
13.6867	-0.748807
13.6933	-0.755085
13.7	-0.761304
13.7067	-0.767464
13.7133	-0.773563
13.72	-0.779602
13.7267	-0.78558
13.7333	-0.791498
13.74	-0.797354
13.7467	-0.803148
13.7533	-0.80888
13.76	-0.81455
13.7667	-0.820157
13.7733	-0.825702
13.78	-0.831183
13.7867	-0.8366
13.7933	-0.841954
13.8	-0.847244
13.8067	-0.852469
13.8133	-0.85763
13.82	-0.862726
13.8267	-0.867756
13.8333	-0.872721
13.84	-0.87762
13.8467	-0.882453
13.8533	-0.88722
13.86	-0.891921
13.8667	-0.896554
13.8733	-0.901121
13.88	-0.90562
13.8867	-0.910052
13.8933	-0.914417
13.9	-0.918713
13.9067	-0.922941
13.9133	-0.927101
13.92	-0.931193
13.9267	-0.935215
13.9333	-0.939169
13.94	-0.943053
13.9467	-0.946869
13.9533	-0.950614
13.96	-0.95429
13.9667	-0.957897
13.9733	-0.961433
13.98	-0.964899
13.9867	-0.968294
13.9933	-0.971619
14	-0.974874
14.0067	-0.978057
14.0133	-0.98117
14.02	-0.984211
14.0267	-0.987182
14.0333	-0.990081
14.04	-0.992908
14.0467	-0.995664
14.0533	-0.998348
14.06	-1.00096
14.0667	-1.0035
14.0733	-1.00597
14.08	-1.00837
14.0867	-1.01069
14.0933	-1.01294
14.1	-1.01512
14.1067	-1.01723
14.1133	-1.01926
14.12	-1.02123
14.1267	-1.02312
14.1333	-1.02493
14.14	-1.02668
14.1467	-1.02835
14.1533	-1.02995
14.16	-1.03147
14.1667	-1.03293
14.1733	-1.03431
14.18	-1.03561
14.1867	-1.03685
14.1933	-1.03801
14.2	-1.0391
14.2067	-1.04012
14.2133	-1.04106
14.22	-1.04193
14.2267	-1.04273
14.2333	-1.04345
14.24	-1.0441
14.2467	-1.04468
14.2533	-1.04519
14.26	-1.04562
14.2667	-1.04598
14.2733	-1.04627
14.28	-1.04648
14.2867	-1.04662
14.2933	-1.04669
14.3	-1.04669
14.3067	-1.04662
14.3133	-1.04647
14.32	-1.04625
14.3267	-1.04596
14.3333	-1.0456
14.34	-1.04516
14.3467	-1.04466
14.3533	-1.04408
14.36	-1.04343
14.3667	-1.04271
14.3733	-1.04192
14.38	-1.04105
14.3867	-1.04012
14.3933	-1.03911
14.4	-1.03804
14.4067	-1.03689
14.4133	-1.03567
14.42	-1.03438
14.4267	-1.03303
14.4333	-1.0316
14.44	-1.0301
14.4467	-1.02853
14.4533	-1.0269
14.46	-1.02519
14.4667	-1.02341
14.4733	-1.02157
14.48	-1.01966
14.4867	-1.01768
14.4933	-1.01563
14.5	-1.01351
14.5067	-1.01132
14.5133	-1.00907
14.52	-1.00675
14.5267	-1.00436
14.5333	-1.00191
14.54	-0.999384
14.5467	-0.996796
14.5533	-0.994142
14.56	-0.991421
14.5667	-0.988635
14.5733	-0.985783
14.58	-0.982866
14.5867	-0.979884
14.5933	-0.976837
14.6	-0.973726
14.6067	-0.970551
14.6133	-0.967312
14.62	-0.964009
14.6267	-0.960643
14.6333	-0.957214
14.64	-0.953722
14.6467	-0.950168
14.6533	-0.946552
14.66	-0.942874
14.6667	-0.939134
14.6733	-0.935334
14.68	-0.931473
14.6867	-0.927551
14.6933	-0.923569
14.7	-0.919527
14.7067	-0.915426
14.7133	-0.911266
14.72	-0.907046
14.7267	-0.902769
14.7333	-0.898433
14.74	-0.89404
14.7467	-0.889589
14.7533	-0.885081
14.76	-0.880517
14.7667	-0.875896
14.7733	-0.87122
14.78	-0.866488
14.7867	-0.861701
14.7933	-0.856859
14.8	-0.851963
14.8067	-0.847013
14.8133	-0.842009
14.82	-0.836952
14.8267	-0.831843
14.8333	-0.826681
14.84	-0.821467
14.8467	-0.816202
14.8533	-0.810885
14.86	-0.805518
14.8667	-0.800101
14.8733	-0.794634
14.88	-0.789117
14.8867	-0.783552
14.8933	-0.777938
14.9	-0.772275
14.9067	-0.766566
14.9133	-0.760808
14.92	-0.755005
14.9267	-0.749155
14.9333	-0.743259
14.94	-0.737317
14.9467	-0.731331
14.9533	-0.7253
14.96	-0.719225
14.9667	-0.713107
14.9733	-0.706945
14.98	-0.700741
14.9867	-0.694495
14.9933	-0.688207
15	-0.681877
15.0067	-0.675507
15.0133	-0.669097
15.02	-0.662647
15.0267	-0.656158
15.0333	-0.64963
15.04	-0.643064
15.0467	-0.63646
15.0533	-0.629819
15.06	-0.623141
15.0667	-0.616426
15.0733	-0.609676
15.08	-0.602891
15.0867	-0.59607
15.0933	-0.589216
15.1	-0.582328
15.1067	-0.575406
15.1133	-0.568452
15.12	-0.561465
15.1267	-0.554447
15.1333	-0.547398
15.14	-0.540318
15.1467	-0.533208
15.1533	-0.526068
15.16	-0.518899
15.1667	-0.511702
15.1733	-0.504476
15.18	-0.497223
15.1867	-0.489944
15.1933	-0.482637
15.2	-0.475305
15.2067	-0.467947
15.2133	-0.460565
15.22	-0.453158
15.2267	-0.445728
15.2333	-0.438274
15.24	-0.430797
15.2467	-0.423299
15.2533	-0.415779
15.26	-0.408238
15.2667	-0.400676
15.2733	-0.393094
15.28	-0.385493
15.2867	-0.377873
15.2933	-0.370235
15.3	-0.362579
15.3067	-0.354906
15.3133	-0.347216
15.32	-0.33951
15.3267	-0.331788
15.3333	-0.324051
15.34	-0.3163
15.3467	-0.308535
15.3533	-0.300757
15.36	-0.292966
15.3667	-0.285162
15.3733	-0.277347
15.38	-0.269521
15.3867	-0.261684
15.3933	-0.253837
15.4	-0.24598
15.4067	-0.238115
15.4133	-0.230241
15.42	-0.222359
15.4267	-0.21447
15.4333	-0.206575
15.44	-0.198673
15.4467	-0.190765
15.4533	-0.182853
15.46	-0.174936
15.4667	-0.167015
15.4733	-0.15909
15.48	-0.151163
15.4867	-0.143233
15.4933	-0.135302
15.5	-0.127369
15.5067	-0.119436
15.5133	-0.111503
15.52	-0.10357
15.5267	-0.0956379
15.5333	-0.0877074
15.54	-0.079779
15.5467	-0.0718532
15.5533	-0.0639305
15.56	-0.0560116
15.5667	-0.0480969
15.5733	-0.0401869
15.58	-0.0322823
15.5867	-0.0243835
15.5933	-0.0164911
15.6	-0.00860569
15.6067	-0.000727697
15.6133	0.0071423
15.62	0.0150038
15.6267	0.0228562
15.6333	0.030699
15.64	0.0385318
15.6467	0.0463538
15.6533	0.0541647
15.66	0.061964
15.6667	0.069751
15.6733	0.0775253
15.68	0.0852863
15.6867	0.0930336
15.6933	0.100767
15.7	0.108485
15.7067	0.116188
15.7133	0.123875
15.72	0.131545
15.7267	0.139199
15.7333	0.146836
15.74	0.154455
15.7467	0.162055
15.7533	0.169637
15.76	0.177199
15.7667	0.184741
15.7733	0.192263
15.78	0.199765
15.7867	0.207245
15.7933	0.214703
15.8	0.222139
15.8067	0.229552
15.8133	0.236942
15.82	0.244308
15.8267	0.25165
15.8333	0.258968
15.84	0.26626
15.8467	0.273527
15.8533	0.280768
15.86	0.287982
15.8667	0.29517
15.8733	0.302329
15.88	0.309462
15.8867	0.316565
15.8933	0.32364
15.9	0.330686
15.9067	0.337702
15.9133	0.344688
15.92	0.351644
15.9267	0.358568
15.9333	0.365462
15.94	0.372323
15.9467	0.379152
15.9533	0.385949
15.96	0.392712
15.9667	0.399442
15.9733	0.406138
15.98	0.4128
15.9867	0.419427
15.9933	0.426019
16	0.432576
16.0067	0.439096
16.0133	0.445581
16.02	0.452028
16.0267	0.458439
16.0333	0.464812
16.04	0.471147
16.0467	0.477444
16.0533	0.483703
16.06	0.489923
16.0667	0.496103
16.0733	0.502244
16.08	0.508344
16.0867	0.514404
16.0933	0.520424
16.1	0.526402
16.1067	0.53234
16.1133	0.538235
16.12	0.544088
16.1267	0.549899
16.1333	0.555667
16.14	0.561392
16.1467	0.567073
16.1533	0.572711
16.16	0.578305
16.1667	0.583855
16.1733	0.58936
16.18	0.59482
16.1867	0.600234
16.1933	0.605604
16.2	0.610927
16.2067	0.616204
16.2133	0.621435
16.22	0.62662
16.2267	0.631757
16.2333	0.636847
16.24	0.64189
16.2467	0.646885
16.2533	0.651832
16.26	0.656731
16.2667	0.661581
16.2733	0.666383
16.28	0.671135
16.2867	0.675839
16.2933	0.680493
16.3	0.685097
16.3067	0.689651
16.3133	0.694156
16.32	0.69861
16.3267	0.703013
16.3333	0.707366
16.34	0.711668
16.3467	0.715918
16.3533	0.720118
16.36	0.724265
16.3667	0.728361
16.3733	0.732406
16.38	0.736398
16.3867	0.740338
16.3933	0.744225
16.4	0.74806
16.4067	0.751842
16.4133	0.755571
16.42	0.759248
16.4267	0.762871
16.4333	0.76644
16.44	0.769956
16.4467	0.773419
16.4533	0.776828
16.46	0.780183
16.4667	0.783484
16.4733	0.786731
16.48	0.789924
16.4867	0.793062
16.4933	0.796146
16.5	0.799176
16.5067	0.802151
16.5133	0.805071
16.52	0.807937
16.5267	0.810747
16.5333	0.813503
16.54	0.816203
16.5467	0.818849
16.5533	0.821439
16.56	0.823975
16.5667	0.826455
16.5733	0.828879
16.58	0.831249
16.5867	0.833563
16.5933	0.835821
16.6	0.838024
16.6067	0.840172
16.6133	0.842264
16.62	0.8443
16.6267	0.846281
16.6333	0.848207
16.64	0.850076
16.6467	0.851891
16.6533	0.853649
16.66	0.855353
16.6667	0.857
16.6733	0.858592
16.68	0.860129
16.6867	0.86161
16.6933	0.863035
16.7	0.864406
16.7067	0.86572
16.7133	0.86698
16.72	0.868184
16.7267	0.869333
16.7333	0.870426
16.74	0.871465
16.7467	0.872448
16.7533	0.873377
16.76	0.87425
16.7667	0.875069
16.7733	0.875832
16.78	0.876541
16.7867	0.877196
16.7933	0.877796
16.8	0.878341
16.8067	0.878832
16.8133	0.879269
16.82	0.879652
16.8267	0.87998
16.8333	0.880255
16.84	0.880476
16.8467	0.880644
16.8533	0.880757
16.86	0.880818
16.8667	0.880825
16.8733	0.880779
16.88	0.88068
16.8867	0.880528
16.8933	0.880323
16.9	0.880066
16.9067	0.879757
16.9133	0.879395
16.92	0.878981
16.9267	0.878516
16.9333	0.877998
16.94	0.877429
16.9467	0.876809
16.9533	0.876138
16.96	0.875415
16.9667	0.874642
16.9733	0.873818
16.98	0.872944
16.9867	0.872019
16.9933	0.871045
17	0.870021
17.0067	0.868947
17.0133	0.867824
17.02	0.866651
17.0267	0.86543
17.0333	0.86416
17.04	0.862842
17.0467	0.861475
17.0533	0.86006
17.06	0.858598
17.0667	0.857088
17.0733	0.855531
17.08	0.853927
17.0867	0.852276
17.0933	0.850578
17.1	0.848834
17.1067	0.847045
17.1133	0.845209
17.12	0.843328
17.1267	0.841402
17.1333	0.839431
17.14	0.837415
17.1467	0.835355
17.1533	0.833251
17.16	0.831103
17.1667	0.828911
17.1733	0.826676
17.18	0.824398
17.1867	0.822078
17.1933	0.819715
17.2	0.817311
17.2067	0.814864
17.2133	0.812376
17.22	0.809847
17.2267	0.807277
17.2333	0.804667
17.24	0.802016
17.2467	0.799325
17.2533	0.796595
17.26	0.793826
17.2667	0.791018
17.2733	0.788171
17.28	0.785286
17.2867	0.782363
17.2933	0.779403
17.3	0.776405
17.3067	0.77337
17.3133	0.770299
17.32	0.767191
17.3267	0.764048
17.3333	0.760869
17.34	0.757655
17.3467	0.754406
17.3533	0.751122
17.36	0.747805
17.3667	0.744453
17.3733	0.741068
17.38	0.737651
17.3867	0.7342
17.3933	0.730717
17.4	0.727202
17.4067	0.723655
17.4133	0.720078
17.42	0.716469
17.4267	0.71283
17.4333	0.70916
17.44	0.705461
17.4467	0.701733
17.4533	0.697975
17.46	0.694189
17.4667	0.690374
17.4733	0.686532
17.48	0.682662
17.4867	0.678765
17.4933	0.674841
17.5	0.670891
17.5067	0.666915
17.5133	0.662914
17.52	0.658887
17.5267	0.654835
17.5333	0.650759
17.54	0.646659
17.5467	0.642535
17.5533	0.638387
17.56	0.634217
17.5667	0.630025
17.5733	0.62581
17.58	0.621574
17.5867	0.617316
17.5933	0.613038
17.6	0.608739
17.6067	0.60442
17.6133	0.600081
17.62	0.595723
17.6267	0.591346
17.6333	0.58695
17.64	0.582536
17.6467	0.578104
17.6533	0.573655
17.66	0.56919
17.6667	0.564707
17.6733	0.560209
17.68	0.555694
17.6867	0.551164
17.6933	0.54662
17.7	0.542061
17.7067	0.537487
17.7133	0.5329
17.72	0.528299
17.7267	0.523686
17.7333	0.51906
17.74	0.514421
17.7467	0.509771
17.7533	0.50511
17.76	0.500437
17.7667	0.495754
17.7733	0.491061
17.78	0.486358
17.7867	0.481645
17.7933	0.476924
17.8	0.472193
17.8067	0.467455
17.8133	0.462709
17.82	0.457955
17.8267	0.453194
17.8333	0.448426
17.84	0.443653
17.8467	0.438873
17.8533	0.434088
17.86	0.429297
17.8667	0.424502
17.8733	0.419703
17.88	0.414899
17.8867	0.410092
17.8933	0.405282
17.9	0.400468
17.9067	0.395653
17.9133	0.390835
17.92	0.386016
17.9267	0.381195
17.9333	0.376373
17.94	0.371551
17.9467	0.366728
17.9533	0.361906
17.96	0.357084
17.9667	0.352263
17.9733	0.347443
17.98	0.342625
17.9867	0.337809
17.9933	0.332995
18	0.328184
18.0067	0.323376
18.0133	0.318571
18.02	0.31377
18.0267	0.308973
18.0333	0.304181
18.04	0.299393
18.0467	0.294611
18.0533	0.289834
18.06	0.285063
18.0667	0.280298
18.0733	0.27554
18.08	0.270788
18.0867	0.266044
18.0933	0.261308
18.1	0.256579
18.1067	0.251858
18.1133	0.247146
18.12	0.242443
18.1267	0.237749
18.1333	0.233065
18.14	0.22839
18.1467	0.223725
18.1533	0.219071
18.16	0.214428
18.1667	0.209796
18.1733	0.205175
18.18	0.200566
18.1867	0.195969
18.1933	0.191384
18.2	0.186812
18.2067	0.182253
18.2133	0.177707
18.22	0.173175
18.2267	0.168656
18.2333	0.164151
18.24	0.159661
18.2467	0.155185
18.2533	0.150725
18.26	0.146279
18.2667	0.141849
18.2733	0.137435
18.28	0.133037
18.2867	0.128655
18.2933	0.124289
18.3	0.119941
18.3067	0.115609
18.3133	0.111295
18.32	0.106999
18.3267	0.10272
18.3333	0.0984593
18.34	0.094217
18.3467	0.0899933
18.3533	0.0857885
18.36	0.0816026
18.3667	0.0774361
18.3733	0.0732892
18.38	0.0691619
18.3867	0.0650547
18.3933	0.0609677
18.4	0.0569011
18.4067	0.0528552
18.4133	0.0488301
18.42	0.0448261
18.4267	0.0408434
18.4333	0.0368822
18.44	0.0329428
18.4467	0.0290252
18.4533	0.0251297
18.46	0.0212565
18.4667	0.0174058
18.4733	0.0135778
18.48	0.00977262
18.4867	0.00599052
18.4933	0.00223164
18.5	-0.00150383
18.5067	-0.00521572
18.5133	-0.00890386
18.52	-0.0125681
18.5267	-0.0162082
18.5333	-0.0198241
18.54	-0.0234156
18.5467	-0.0269825
18.5533	-0.0305247
18.56	-0.034042
18.5667	-0.0375343
18.5733	-0.0410014
18.58	-0.0444433
18.5867	-0.0478597
18.5933	-0.0512505
18.6	-0.0546157
18.6067	-0.057955
18.6133	-0.0612683
18.62	-0.0645556
18.6267	-0.0678167
18.6333	-0.0710514
18.64	-0.0742597
18.6467	-0.0774415
18.6533	-0.0805966
18.66	-0.083725
18.6667	-0.0868265
18.6733	-0.0899011
18.68	-0.0929486
18.6867	-0.095969
18.6933	-0.0989621
18.7	-0.101928
18.7067	-0.104866
18.7133	-0.107777
18.72	-0.110661
18.7267	-0.113517
18.7333	-0.116345
18.74	-0.119145
18.7467	-0.121918
18.7533	-0.124662
18.76	-0.127379
18.7667	-0.130068
18.7733	-0.132728
18.78	-0.135361
18.7867	-0.137965
18.7933	-0.140541
18.8	-0.143089
18.8067	-0.145609
18.8133	-0.1481
18.82	-0.150563
18.8267	-0.152998
18.8333	-0.155404
18.84	-0.157782
18.8467	-0.160132
18.8533	-0.162453
18.86	-0.164745
18.8667	-0.167009
18.8733	-0.169245
18.88	-0.171452
18.8867	-0.173631
18.8933	-0.175781
18.9	-0.177903
18.9067	-0.179996
18.9133	-0.182061
18.92	-0.184097
18.9267	-0.186105
18.9333	-0.188085
18.94	-0.190036
18.9467	-0.191958
18.9533	-0.193853
18.96	-0.195719
18.9667	-0.197557
18.9733	-0.199366
18.98	-0.201148
18.9867	-0.202901
18.9933	-0.204626
19	-0.206323
19.0067	-0.207992
19.0133	-0.209632
19.02	-0.211245
19.0267	-0.212831
19.0333	-0.214388
19.04	-0.215917
19.0467	-0.217419
19.0533	-0.218894
19.06	-0.22034
19.0667	-0.221759
19.0733	-0.223151
19.08	-0.224516
19.0867	-0.225853
19.0933	-0.227163
19.1	-0.228446
19.1067	-0.229702
19.1133	-0.230931
19.12	-0.232133
19.1267	-0.233308
19.1333	-0.234457
19.14	-0.235579
19.1467	-0.236675
19.1533	-0.237745
19.16	-0.238788
19.1667	-0.239805
19.1733	-0.240796
19.18	-0.241761
19.1867	-0.2427
19.1933	-0.243614
19.2	-0.244502
19.2067	-0.245365
19.2133	-0.246202
19.22	-0.247014
19.2267	-0.247801
19.2333	-0.248563
19.24	-0.2493
19.2467	-0.250013
19.2533	-0.250701
19.26	-0.251364
19.2667	-0.252004
19.2733	-0.252619
19.28	-0.25321
19.2867	-0.253777
19.2933	-0.254321
19.3	-0.254841
19.3067	-0.255337
19.3133	-0.25581
19.32	-0.25626
19.3267	-0.256687
19.3333	-0.257092
19.34	-0.257473
19.3467	-0.257832
19.3533	-0.258169
19.36	-0.258484
19.3667	-0.258776
19.3733	-0.259047
19.38	-0.259296
19.3867	-0.259523
19.3933	-0.259729
19.4	-0.259914
19.4067	-0.260078
19.4133	-0.260221
19.42	-0.260343
19.4267	-0.260445
19.4333	-0.260526
19.44	-0.260588
19.4467	-0.260629
19.4533	-0.26065
19.46	-0.260652
19.4667	-0.260635
19.4733	-0.260598
19.48	-0.260542
19.4867	-0.260467
19.4933	-0.260374
19.5	-0.260262
19.5067	-0.260132
19.5133	-0.259983
19.52	-0.259817
19.5267	-0.259633
19.5333	-0.259431
19.54	-0.259212
19.5467	-0.258975
19.5533	-0.258722
19.56	-0.258452
19.5667	-0.258165
19.5733	-0.257862
19.58	-0.257543
19.5867	-0.257208
19.5933	-0.256857
19.6	-0.25649
19.6067	-0.256108
19.6133	-0.255711
19.62	-0.255298
19.6267	-0.254871
19.6333	-0.254429
19.64	-0.253973
19.6467	-0.253503
19.6533	-0.253018
19.66	-0.25252
19.6667	-0.252008
19.6733	-0.251483
19.68	-0.250945
19.6867	-0.250394
19.6933	-0.249829
19.7	-0.249253
19.7067	-0.248664
19.7133	-0.248062
19.72	-0.247449
19.7267	-0.246824
19.7333	-0.246188
19.74	-0.24554
19.7467	-0.244881
19.7533	-0.244211
19.76	-0.24353
19.7667	-0.242839
19.7733	-0.242137
19.78	-0.241425
19.7867	-0.240704
19.7933	-0.239972
19.8	-0.239232
19.8067	-0.238482
19.8133	-0.237722
19.82	-0.236954
19.8267	-0.236177
19.8333	-0.235392
19.84	-0.234598
19.8467	-0.233797
19.8533	-0.232987
19.86	-0.23217
19.8667	-0.231345
19.8733	-0.230513
19.88	-0.229674
19.8867	-0.228828
19.8933	-0.227976
19.9	-0.227117
19.9067	-0.226251
19.9133	-0.22538
19.92	-0.224502
19.9267	-0.223619
19.9333	-0.222731
19.94	-0.221837
19.9467	-0.220938
19.9533	-0.220034
19.96	-0.219126
19.9667	-0.218213
19.9733	-0.217295
19.98	-0.216374
19.9867	-0.215448
19.9933	-0.214519
20	-0.213586
20.0067	-0.21265
20.0133	-0.211711
20.02	-0.210768
20.0267	-0.209823
20.0333	-0.208875
20.04	-0.207925
20.0467	-0.206972
20.0533	-0.206017
20.06	-0.205061
20.0667	-0.204102
20.0733	-0.203142
20.08	-0.202181
20.0867	-0.201218
20.0933	-0.200255
20.1	-0.19929
20.1067	-0.198325
20.1133	-0.197359
20.12	-0.196393
20.1267	-0.195427
20.1333	-0.194461
20.14	-0.193495
20.1467	-0.192529
20.1533	-0.191564
20.16	-0.190599
20.1667	-0.189635
20.1733	-0.188672
20.18	-0.18771
20.1867	-0.18675
20.1933	-0.185791
20.2	-0.184833
20.2067	-0.183878
20.2133	-0.182924
20.22	-0.181972
20.2267	-0.181022
20.2333	-0.180075
20.24	-0.17913
20.2467	-0.178188
20.2533	-0.177248
20.26	-0.176312
20.2667	-0.175378
20.2733	-0.174448
20.28	-0.173521
20.2867	-0.172597
20.2933	-0.171677
20.3	-0.170761
20.3067	-0.169848
20.3133	-0.16894
20.32	-0.168036
20.3267	-0.167135
20.3333	-0.16624
20.34	-0.165348
20.3467	-0.164462
20.3533	-0.16358
20.36	-0.162702
20.3667	-0.16183
20.3733	-0.160963
20.38	-0.160101
20.3867	-0.159244
20.3933	-0.158393
20.4	-0.157547
20.4067	-0.156707
20.4133	-0.155872
20.42	-0.155043
20.4267	-0.15422
20.4333	-0.153404
20.44	-0.152593
20.4467	-0.151788
20.4533	-0.15099
20.46	-0.150198
20.4667	-0.149412
20.4733	-0.148634
20.48	-0.147861
20.4867	-0.147096
20.4933	-0.146337
20.5	-0.145585
20.5067	-0.14484
20.5133	-0.144102
20.52	-0.143371
20.5267	-0.142648
20.5333	-0.141932
20.54	-0.141223
20.5467	-0.140521
20.5533	-0.139827
20.56	-0.13914
20.5667	-0.138461
20.5733	-0.13779
20.58	-0.137126
20.5867	-0.13647
20.5933	-0.135822
20.6	-0.135182
20.6067	-0.134549
20.6133	-0.133925
20.62	-0.133308
20.6267	-0.1327
20.6333	-0.1321
20.64	-0.131508
20.6467	-0.130924
20.6533	-0.130348
20.66	-0.129781
20.6667	-0.129222
20.6733	-0.128671
20.68	-0.128128
20.6867	-0.127594
20.6933	-0.127068
20.7	-0.126551
20.7067	-0.126042
20.7133	-0.125542
20.72	-0.12505
20.7267	-0.124567
20.7333	-0.124092
20.74	-0.123626
20.7467	-0.123168
20.7533	-0.122719
20.76	-0.122279
20.7667	-0.121847
20.7733	-0.121424
20.78	-0.121009
20.7867	-0.120603
20.7933	-0.120205
20.8	-0.119817
20.8067	-0.119436
20.8133	-0.119064
20.82	-0.118701
20.8267	-0.118347
20.8333	-0.118001
20.84	-0.117663
20.8467	-0.117335
20.8533	-0.117014
20.86	-0.116702
20.8667	-0.116399
20.8733	-0.116104
20.88	-0.115818
20.8867	-0.11554
20.8933	-0.11527
20.9	-0.115009
20.9067	-0.114756
20.9133	-0.114511
20.92	-0.114275
20.9267	-0.114047
20.9333	-0.113827
20.94	-0.113616
20.9467	-0.113412
20.9533	-0.113217
20.96	-0.11303
20.9667	-0.11285
20.9733	-0.112679
20.98	-0.112516
20.9867	-0.11236
20.9933	-0.112213
21	-0.112073
21.0067	-0.111941
21.0133	-0.111816
21.02	-0.111699
21.0267	-0.11159
21.0333	-0.111488
21.04	-0.111394
21.0467	-0.111307
21.0533	-0.111228
21.06	-0.111156
21.0667	-0.111091
21.0733	-0.111033
21.08	-0.110982
21.0867	-0.110939
21.0933	-0.110902
21.1	-0.110872
21.1067	-0.110849
21.1133	-0.110833
21.12	-0.110823
21.1267	-0.11082
21.1333	-0.110823
21.14	-0.110833
21.1467	-0.110849
21.1533	-0.110872
21.16	-0.110901
21.1667	-0.110935
21.1733	-0.110976
21.18	-0.111023
21.1867	-0.111076
21.1933	-0.111134
21.2	-0.111198
21.2067	-0.111268
21.2133	-0.111344
21.22	-0.111424
21.2267	-0.11151
21.2333	-0.111602
21.24	-0.111698
21.2467	-0.1118
21.2533	-0.111906
21.26	-0.112017
21.2667	-0.112134
21.2733	-0.112254
21.28	-0.11238
21.2867	-0.11251
21.2933	-0.112644
21.3	-0.112782
21.3067	-0.112925
21.3133	-0.113072
21.32	-0.113223
21.3267	-0.113377
21.3333	-0.113536
21.34	-0.113698
21.3467	-0.113863
21.3533	-0.114032
21.36	-0.114205
21.3667	-0.11438
21.3733	-0.114559
21.38	-0.114741
21.3867	-0.114926
21.3933	-0.115113
21.4	-0.115303
21.4067	-0.115496
21.4133	-0.115691
21.42	-0.115889
21.4267	-0.116089
21.4333	-0.116291
21.44	-0.116495
21.4467	-0.116701
21.4533	-0.116909
21.46	-0.117118
21.4667	-0.117329
21.4733	-0.117542
21.48	-0.117756
21.4867	-0.117971
21.4933	-0.118187
21.5	-0.118404
21.5067	-0.118622
21.5133	-0.118841
21.52	-0.11906
21.5267	-0.11928
21.5333	-0.119501
21.54	-0.119722
21.5467	-0.119943
21.5533	-0.120164
21.56	-0.120385
21.5667	-0.120605
21.5733	-0.120826
21.58	-0.121046
21.5867	-0.121266
21.5933	-0.121485
21.6	-0.121703
21.6067	-0.12192
21.6133	-0.122137
21.62	-0.122352
21.6267	-0.122566
21.6333	-0.122779
21.64	-0.12299
21.6467	-0.1232
21.6533	-0.123408
21.66	-0.123614
21.6667	-0.123819
21.6733	-0.124021
21.68	-0.124221
21.6867	-0.124419
21.6933	-0.124615
21.7	-0.124808
21.7067	-0.124999
21.7133	-0.125187
21.72	-0.125372
21.7267	-0.125554
21.7333	-0.125733
21.74	-0.125909
21.7467	-0.126081
21.7533	-0.12625
21.76	-0.126416
21.7667	-0.126578
21.7733	-0.126737
21.78	-0.126891
21.7867	-0.127042
21.7933	-0.127189
21.8	-0.127331
21.8067	-0.12747
21.8133	-0.127603
21.82	-0.127733
21.8267	-0.127858
21.8333	-0.127978
21.84	-0.128093
21.8467	-0.128204
21.8533	-0.128309
21.86	-0.12841
21.8667	-0.128505
21.8733	-0.128595
21.88	-0.12868
21.8867	-0.128759
21.8933	-0.128832
21.9	-0.1289
21.9067	-0.128962
21.9133	-0.129018
21.92	-0.129068
21.9267	-0.129113
21.9333	-0.129151
21.94	-0.129182
21.9467	-0.129208
21.9533	-0.129227
21.96	-0.129239
21.9667	-0.129245
21.9733	-0.129244
21.98	-0.129236
21.9867	-0.129221
21.9933	-0.1292
22	-0.129171
22.0067	-0.129135
22.0133	-0.129092
22.02	-0.129042
22.0267	-0.128984
22.0333	-0.128919
22.04	-0.128846
22.0467	-0.128766
22.0533	-0.128678
22.06	-0.128582
22.0667	-0.128479
22.0733	-0.128367
22.08	-0.128248
22.0867	-0.12812
22.0933	-0.127984
22.1	-0.12784
22.1067	-0.127688
22.1133	-0.127528
22.12	-0.127359
22.1267	-0.127181
22.1333	-0.126996
22.14	-0.126801
22.1467	-0.126598
22.1533	-0.126386
22.16	-0.126165
22.1667	-0.125936
22.1733	-0.125697
22.18	-0.12545
22.1867	-0.125194
22.1933	-0.124928
22.2	-0.124654
22.2067	-0.12437
22.2133	-0.124078
22.22	-0.123776
22.2267	-0.123464
22.2333	-0.123144
22.24	-0.122814
22.2467	-0.122474
22.2533	-0.122125
22.26	-0.121767
22.2667	-0.121399
22.2733	-0.121021
22.28	-0.120634
22.2867	-0.120237
22.2933	-0.119831
22.3	-0.119415
22.3067	-0.118989
22.3133	-0.118553
22.32	-0.118108
22.3267	-0.117652
22.3333	-0.117187
22.34	-0.116712
22.3467	-0.116227
22.3533	-0.115733
22.36	-0.115228
22.3667	-0.114713
22.3733	-0.114189
22.38	-0.113654
22.3867	-0.113109
22.3933	-0.112555
22.4	-0.11199
22.4067	-0.111415
22.4133	-0.110831
22.42	-0.110236
22.4267	-0.109631
22.4333	-0.109016
22.44	-0.108391
22.4467	-0.107756
22.4533	-0.107111
22.46	-0.106456
22.4667	-0.105791
22.4733	-0.105116
22.48	-0.104431
22.4867	-0.103735
22.4933	-0.10303
22.5	-0.102315
22.5067	-0.101589
22.5133	-0.100854
22.52	-0.100109
22.5267	-0.0993538
22.5333	-0.0985886
22.54	-0.0978135
22.5467	-0.0970286
22.5533	-0.0962337
22.56	-0.095429
22.5667	-0.0946144
22.5733	-0.0937901
22.58	-0.0929559
22.5867	-0.092112
22.5933	-0.0912584
22.6	-0.0903951
22.6067	-0.0895221
22.6133	-0.0886395
22.62	-0.0877474
22.6267	-0.0868456
22.6333	-0.0859344
22.64	-0.0850136
22.6467	-0.0840835
22.6533	-0.0831439
22.66	-0.082195
22.6667	-0.0812368
22.6733	-0.0802693
22.68	-0.0792926
22.6867	-0.0783067
22.6933	-0.0773118
22.7	-0.0763077
22.7067	-0.0752947
22.7133	-0.0742727
22.72	-0.0732418
22.7267	-0.0722021
22.7333	-0.0711536
22.74	-0.0700963
22.7467	-0.0690304
22.7533	-0.0679559
22.76	-0.0668728
22.7667	-0.0657813
22.7733	-0.0646814
22.78	-0.0635731
22.7867	-0.0624565
22.7933	-0.0613318
22.8	-0.0601989
22.8067	-0.0590579
22.8133	-0.057909
22.82	-0.0567521
22.8267	-0.0555874
22.8333	-0.0544149
22.84	-0.0532347
22.8467	-0.052047
22.8533	-0.0508517
22.86	-0.0496489
22.8667	-0.0484388
22.8733	-0.0472214
22.88	-0.0459968
22.8867	-0.0447651
22.8933	-0.0435264
22.9	-0.0422807
22.9067	-0.0410282
22.9133	-0.0397689
22.92	-0.038503
22.9267	-0.0372305
22.9333	-0.0359515
22.94	-0.0346661
22.9467	-0.0333745
22.9533	-0.0320766
22.96	-0.0307726
22.9667	-0.0294627
22.9733	-0.0281468
22.98	-0.0268251
22.9867	-0.0254978
22.9933	-0.0241648
23	-0.0228263
23.0067	-0.0214825
23.0133	-0.0201334
23.02	-0.018779
23.0267	-0.0174197
23.0333	-0.0160553
23.04	-0.0146861
23.0467	-0.0133121
23.0533	-0.0119335
23.06	-0.0105504
23.0667	-0.00916288
23.0733	-0.00777104
23.08	-0.00637501
23.0867	-0.00497491
23.0933	-0.00357085
23.1	-0.00216294
23.1067	-0.000751303
23.1133	0.000663942
23.12	0.00208268
23.1267	0.00350479
23.1333	0.00493016
23.14	0.00635866
23.1467	0.00779018
23.1533	0.00922458
23.16	0.0106618
23.1667	0.0121016
23.1733	0.0135439
23.18	0.0149887
23.1867	0.0164357
23.1933	0.0178849
23.2	0.0193361
23.2067	0.0207892
23.2133	0.0222441
23.22	0.0237006
23.2267	0.0251587
23.2333	0.0266181
23.24	0.0280788
23.2467	0.0295406
23.2533	0.0310035
23.26	0.0324672
23.2667	0.0339316
23.2733	0.0353967
23.28	0.0368622
23.2867	0.0383281
23.2933	0.0397942
23.3	0.0412604
23.3067	0.0427265
23.3133	0.0441925
23.32	0.0456581
23.3267	0.0471233
23.3333	0.048588
23.34	0.0500518
23.3467	0.0515149
23.3533	0.052977
23.36	0.0544379
23.3667	0.0558976
23.3733	0.0573559
23.38	0.0588126
23.3867	0.0602678
23.3933	0.0617211
23.4	0.0631724
23.4067	0.0646217
23.4133	0.0660688
23.42	0.0675136
23.4267	0.0689559
23.4333	0.0703955
23.44	0.0718324
23.4467	0.0732664
23.4533	0.0746974
23.46	0.0761253
23.4667	0.0775498
23.4733	0.0789709
23.48	0.0803884
23.4867	0.0818023
23.4933	0.0832122
23.5	0.0846182
23.5067	0.0860201
23.5133	0.0874177
23.52	0.088811
23.5267	0.0901997
23.5333	0.0915837
23.54	0.092963
23.5467	0.0943373
23.5533	0.0957065
23.56	0.0970706
23.5667	0.0984293
23.5733	0.0997825
23.58	0.10113
23.5867	0.102472
23.5933	0.103808
23.6	0.105138
23.6067	0.106462
23.6133	0.10778
23.62	0.109091
23.6267	0.110395
23.6333	0.111693
23.64	0.112985
23.6467	0.114269
23.6533	0.115546
23.66	0.116816
23.6667	0.118079
23.6733	0.119334
23.68	0.120581
23.6867	0.121821
23.6933	0.123053
23.7	0.124278
23.7067	0.125494
23.7133	0.126701
23.72	0.127901
23.7267	0.129092
23.7333	0.130274
23.74	0.131448
23.7467	0.132613
23.7533	0.133769
23.76	0.134915
23.7667	0.136053
23.7733	0.137181
23.78	0.1383
23.7867	0.139409
23.7933	0.140508
23.8	0.141598
23.8067	0.142678
23.8133	0.143748
23.82	0.144807
23.8267	0.145856
23.8333	0.146895
23.84	0.147924
23.8467	0.148941
23.8533	0.149948
23.86	0.150944
23.8667	0.15193
23.8733	0.152904
23.88	0.153867
23.8867	0.154818
23.8933	0.155759
23.9	0.156687
23.9067	0.157605
23.9133	0.15851
23.92	0.159404
23.9267	0.160285
23.9333	0.161155
23.94	0.162013
23.9467	0.162858
23.9533	0.163691
23.96	0.164511
23.9667	0.165319
23.9733	0.166115
23.98	0.166898
23.9867	0.167668
23.9933	0.168425
24	0.169169
24.0067	0.169899
24.0133	0.170617
24.02	0.171322
24.0267	0.172013
24.0333	0.17269
24.04	0.173355
24.0467	0.174005
24.0533	0.174642
24.06	0.175265
24.0667	0.175874
24.0733	0.176469
24.08	0.177051
24.0867	0.177618
24.0933	0.178171
24.1	0.178709
24.1067	0.179233
24.1133	0.179743
24.12	0.180239
24.1267	0.18072
24.1333	0.181186
24.14	0.181637
24.1467	0.182074
24.1533	0.182496
24.16	0.182903
24.1667	0.183295
24.1733	0.183672
24.18	0.184034
24.1867	0.184381
24.1933	0.184712
24.2	0.185029
24.2067	0.18533
24.2133	0.185615
24.22	0.185885
24.2267	0.18614
24.2333	0.186379
24.24	0.186603
24.2467	0.18681
24.2533	0.187003
24.26	0.187179
24.2667	0.18734
24.2733	0.187485
24.28	0.187613
24.2867	0.187726
24.2933	0.187824
24.3	0.187905
24.3067	0.18797
24.3133	0.188019
24.32	0.188051
24.3267	0.188068
24.3333	0.188069
24.34	0.188053
24.3467	0.188021
24.3533	0.187973
24.36	0.187908
24.3667	0.187828
24.3733	0.18773
24.38	0.187617
24.3867	0.187487
24.3933	0.187341
24.4	0.187178
24.4067	0.186999
24.4133	0.186803
24.42	0.186591
24.4267	0.186362
24.4333	0.186117
24.44	0.185856
24.4467	0.185577
24.4533	0.185283
24.46	0.184972
24.4667	0.184644
24.4733	0.184299
24.48	0.183939
24.4867	0.183561
24.4933	0.183167
24.5	0.182757
24.5067	0.182329
24.5133	0.181886
24.52	0.181426
24.5267	0.180949
24.5333	0.180456
24.54	0.179946
24.5467	0.17942
24.5533	0.178877
24.56	0.178318
24.5667	0.177742
24.5733	0.17715
24.58	0.176541
24.5867	0.175916
24.5933	0.175275
24.6	0.174617
24.6067	0.173943
24.6133	0.173253
24.62	0.172546
24.6267	0.171823
24.6333	0.171084
24.64	0.170329
24.6467	0.169557
24.6533	0.16877
24.66	0.167966
24.6667	0.167146
24.6733	0.16631
24.68	0.165458
24.6867	0.16459
24.6933	0.163707
24.7	0.162807
24.7067	0.161892
24.7133	0.160961
24.72	0.160014
24.7267	0.159051
24.7333	0.158073
24.74	0.157079
24.7467	0.156069
24.7533	0.155045
24.76	0.154004
24.7667	0.152949
24.7733	0.151878
24.78	0.150792
24.7867	0.14969
24.7933	0.148574
24.8	0.147442
24.8067	0.146295
24.8133	0.145134
24.82	0.143957
24.8267	0.142766
24.8333	0.14156
24.84	0.140339
24.8467	0.139104
24.8533	0.137854
24.86	0.13659
24.8667	0.135311
24.8733	0.134018
24.88	0.132711
24.8867	0.131389
24.8933	0.130054
24.9	0.128705
24.9067	0.127341
24.9133	0.125964
24.92	0.124573
24.9267	0.123169
24.9333	0.12175
24.94	0.120319
24.9467	0.118874
24.9533	0.117415
24.96	0.115944
24.9667	0.114459
24.9733	0.112961
24.98	0.111451
24.9867	0.109927
24.9933	0.108391
25	0.106842
25.0067	0.10528
25.0133	0.103706
25.02	0.10212
25.0267	0.100522
25.0333	0.098911
25.04	0.0972882
25.0467	0.0956536
25.0533	0.0940071
25.06	0.0923488
25.0667	0.090679
25.0733	0.0889976
25.08	0.0873049
25.0867	0.0856008
25.0933	0.0838856
25.1	0.0821593
25.1067	0.080422
25.1133	0.0786739
25.12	0.0769151
25.1267	0.0751457
25.1333	0.0733657
25.14	0.0715754
25.1467	0.0697749
25.1533	0.0679642
25.16	0.0661435
25.1667	0.0643128
25.1733	0.0624725
25.18	0.0606224
25.1867	0.0587629
25.1933	0.0568939
25.2	0.0550157
25.2067	0.0531283
25.2133	0.0512319
25.22	0.0493265
25.2267	0.0474125
25.2333	0.0454897
25.24	0.0435585
25.2467	0.0416189
25.2533	0.039671
25.26	0.0377151
25.2667	0.0357511
25.2733	0.0337793
25.28	0.0317998
25.2867	0.0298127
25.2933	0.0278181
25.3	0.0258162
25.3067	0.0238072
25.3133	0.0217911
25.32	0.0197682
25.3267	0.0177384
25.3333	0.0157021
25.34	0.0136592
25.3467	0.01161
25.3533	0.00955465
25.36	0.0074932
25.3667	0.00542583
25.3733	0.00335269
25.38	0.00127391
25.3867	-0.000810366
25.3933	-0.00289999
25.4	-0.00499482
25.4067	-0.0070947
25.4133	-0.00919951
25.42	-0.0113091
25.4267	-0.0134233
25.4333	-0.015542
25.44	-0.017665
25.4467	-0.0197922
25.4533	-0.0219234
25.46	-0.0240585
25.4667	-0.0261974
25.4733	-0.0283398
25.48	-0.0304858
25.4867	-0.032635
25.4933	-0.0347873
25.5	-0.0369427
25.5067	-0.0391009
25.5133	-0.0412618
25.52	-0.0434252
25.5267	-0.0455911
25.5333	-0.0477592
25.54	-0.0499294
25.5467	-0.0521015
25.5533	-0.0542754
25.56	-0.056451
25.5667	-0.0586281
25.5733	-0.0608065
25.58	-0.0629861
25.5867	-0.0651667
25.5933	-0.0673482
25.6	-0.0695305
25.6067	-0.0717133
25.6133	-0.0738966
25.62	-0.0760801
25.6267	-0.0782638
25.6333	-0.0804474
25.64	-0.0826308
25.6467	-0.0848139
25.6533	-0.0869966
25.66	-0.0891786
25.6667	-0.0913597
25.6733	-0.09354
25.68	-0.0957191
25.6867	-0.097897
25.6933	-0.100074
25.7	-0.102248
25.7067	-0.104422
25.7133	-0.106593
25.72	-0.108762
25.7267	-0.11093
25.7333	-0.113095
25.74	-0.115257
25.7467	-0.117417
25.7533	-0.119574
25.76	-0.121728
25.7667	-0.123879
25.7733	-0.126027
25.78	-0.128171
25.7867	-0.130312
25.7933	-0.13245
25.8	-0.134583
25.8067	-0.136713
25.8133	-0.138838
25.82	-0.140959
25.8267	-0.143076
25.8333	-0.145188
25.84	-0.147295
25.8467	-0.149398
25.8533	-0.151496
25.86	-0.153588
25.8667	-0.155675
25.8733	-0.157757
25.88	-0.159833
25.8867	-0.161903
25.8933	-0.163968
25.9	-0.166026
25.9067	-0.168079
25.9133	-0.170125
25.92	-0.172164
25.9267	-0.174197
25.9333	-0.176223
25.94	-0.178243
25.9467	-0.180255
25.9533	-0.18226
25.96	-0.184258
25.9667	-0.186248
25.9733	-0.188231
25.98	-0.190206
25.9867	-0.192174
25.9933	-0.194133
26	-0.196084
26.0067	-0.198027
26.0133	-0.199962
26.02	-0.201888
26.0267	-0.203805
26.0333	-0.205713
26.04	-0.207613
26.0467	-0.209503
26.0533	-0.211385
26.06	-0.213257
26.0667	-0.215119
26.0733	-0.216972
26.08	-0.218815
26.0867	-0.220649
26.0933	-0.222472
26.1	-0.224286
26.1067	-0.226089
26.1133	-0.227882
26.12	-0.229664
26.1267	-0.231436
26.1333	-0.233197
26.14	-0.234947
26.1467	-0.236686
26.1533	-0.238414
26.16	-0.240131
26.1667	-0.241837
26.1733	-0.243531
26.18	-0.245213
26.1867	-0.246884
26.1933	-0.248544
26.2	-0.250191
26.2067	-0.251826
26.2133	-0.253449
26.22	-0.25506
26.2267	-0.256659
26.2333	-0.258245
26.24	-0.259819
26.2467	-0.261379
26.2533	-0.262928
26.26	-0.264463
26.2667	-0.265985
26.2733	-0.267494
26.28	-0.26899
26.2867	-0.270473
26.2933	-0.271942
26.3	-0.273398
26.3067	-0.27484
26.3133	-0.276269
26.32	-0.277684
26.3267	-0.279084
26.3333	-0.280471
26.34	-0.281844
26.3467	-0.283203
26.3533	-0.284547
26.36	-0.285877
26.3667	-0.287193
26.3733	-0.288494
26.38	-0.28978
26.3867	-0.291052
26.3933	-0.292309
26.4	-0.293551
26.4067	-0.294778
26.4133	-0.29599
26.42	-0.297187
26.4267	-0.298369
26.4333	-0.299535
26.44	-0.300687
26.4467	-0.301822
26.4533	-0.302942
26.46	-0.304047
26.4667	-0.305136
26.4733	-0.306209
26.48	-0.307267
26.4867	-0.308308
26.4933	-0.309334
26.5	-0.310343
26.5067	-0.311337
26.5133	-0.312314
26.52	-0.313276
26.5267	-0.314221
26.5333	-0.315149
26.54	-0.316061
26.5467	-0.316957
26.5533	-0.317837
26.56	-0.318699
26.5667	-0.319546
26.5733	-0.320375
26.58	-0.321188
26.5867	-0.321984
26.5933	-0.322763
26.6	-0.323525
26.6067	-0.324271
26.6133	-0.324999
26.62	-0.32571
26.6267	-0.326405
26.6333	-0.327082
26.64	-0.327742
26.6467	-0.328385
26.6533	-0.329011
26.66	-0.329619
26.6667	-0.33021
26.6733	-0.330784
26.68	-0.33134
26.6867	-0.331879
26.6933	-0.332401
26.7	-0.332905
26.7067	-0.333392
26.7133	-0.333861
26.72	-0.334312
26.7267	-0.334746
26.7333	-0.335162
26.74	-0.335561
26.7467	-0.335942
26.7533	-0.336306
26.76	-0.336651
26.7667	-0.336979
26.7733	-0.33729
26.78	-0.337582
26.7867	-0.337857
26.7933	-0.338114
26.8	-0.338353
26.8067	-0.338575
26.8133	-0.338778
26.82	-0.338964
26.8267	-0.339132
26.8333	-0.339282
26.84	-0.339415
26.8467	-0.339529
26.8533	-0.339626
26.86	-0.339705
26.8667	-0.339766
26.8733	-0.339809
26.88	-0.339834
26.8867	-0.339842
26.8933	-0.339832
26.9	-0.339803
26.9067	-0.339758
26.9133	-0.339694
26.92	-0.339612
26.9267	-0.339513
26.9333	-0.339396
26.94	-0.339261
26.9467	-0.339109
26.9533	-0.338939
26.96	-0.338751
26.9667	-0.338545
26.9733	-0.338322
26.98	-0.338081
26.9867	-0.337822
26.9933	-0.337546
27	-0.337252
27.0067	-0.336941
27.0133	-0.336613
27.02	-0.336266
27.0267	-0.335903
27.0333	-0.335521
27.04	-0.335123
27.0467	-0.334707
27.0533	-0.334274
27.06	-0.333823
27.0667	-0.333356
27.0733	-0.332871
27.08	-0.332369
27.0867	-0.331849
27.0933	-0.331313
27.1	-0.330759
27.1067	-0.330189
27.1133	-0.329602
27.12	-0.328997
27.1267	-0.328376
27.1333	-0.327738
27.14	-0.327083
27.1467	-0.326412
27.1533	-0.325723
27.16	-0.325019
27.1667	-0.324297
27.1733	-0.323559
27.18	-0.322805
27.1867	-0.322034
27.1933	-0.321247
27.2	-0.320443
27.2067	-0.319624
27.2133	-0.318788
27.22	-0.317936
27.2267	-0.317068
27.2333	-0.316184
27.24	-0.315284
27.2467	-0.314369
27.2533	-0.313437
27.26	-0.31249
27.2667	-0.311527
27.2733	-0.310549
27.28	-0.309555
27.2867	-0.308546
27.2933	-0.307521
27.3	-0.306481
27.3067	-0.305426
27.3133	-0.304355
27.32	-0.30327
27.3267	-0.30217
27.3333	-0.301054
27.34	-0.299924
27.3467	-0.29878
27.3533	-0.29762
27.36	-0.296446
27.3667	-0.295257
27.3733	-0.294055
27.38	-0.292837
27.3867	-0.291606
27.3933	-0.29036
27.4	-0.2891
27.4067	-0.287827
27.4133	-0.286539
27.42	-0.285238
27.4267	-0.283923
27.4333	-0.282594
27.44	-0.281252
27.4467	-0.279896
27.4533	-0.278527
27.46	-0.277145
27.4667	-0.275749
27.4733	-0.274341
27.48	-0.272919
27.4867	-0.271485
27.4933	-0.270038
27.5	-0.268578
27.5067	-0.267106
27.5133	-0.265622
27.52	-0.264124
27.5267	-0.262615
27.5333	-0.261094
27.54	-0.25956
27.5467	-0.258015
27.5533	-0.256457
27.56	-0.254888
27.5667	-0.253307
27.5733	-0.251715
27.58	-0.250111
27.5867	-0.248496
27.5933	-0.24687
27.6	-0.245233
27.6067	-0.243585
27.6133	-0.241925
27.62	-0.240255
27.6267	-0.238575
27.6333	-0.236884
27.64	-0.235182
27.6467	-0.23347
27.6533	-0.231748
27.66	-0.230016
27.6667	-0.228273
27.6733	-0.226521
27.68	-0.224759
27.6867	-0.222988
27.6933	-0.221207
27.7	-0.219416
27.7067	-0.217617
27.7133	-0.215808
27.72	-0.21399
27.7267	-0.212163
27.7333	-0.210327
27.74	-0.208482
27.7467	-0.206629
27.7533	-0.204768
27.76	-0.202898
27.7667	-0.201019
27.7733	-0.199133
27.78	-0.197239
27.7867	-0.195337
27.7933	-0.193427
27.8	-0.191509
27.8067	-0.189584
27.8133	-0.187651
27.82	-0.185711
27.8267	-0.183764
27.8333	-0.18181
27.84	-0.17985
27.8467	-0.177882
27.8533	-0.175908
27.86	-0.173927
27.8667	-0.171939
27.8733	-0.169946
27.88	-0.167946
27.8867	-0.16594
27.8933	-0.163928
27.9	-0.16191
27.9067	-0.159887
27.9133	-0.157858
27.92	-0.155824
27.9267	-0.153784
27.9333	-0.15174
27.94	-0.14969
27.9467	-0.147635
27.9533	-0.145575
27.96	-0.143511
27.9667	-0.141442
27.9733	-0.139368
27.98	-0.137291
27.9867	-0.135209
27.9933	-0.133123
28	-0.131033
28.0067	-0.128939
28.0133	-0.126842
28.02	-0.12474
28.0267	-0.122636
28.0333	-0.120528
28.04	-0.118417
28.0467	-0.116303
28.0533	-0.114185
28.06	-0.112065
28.0667	-0.109943
28.0733	-0.107817
28.08	-0.105689
28.0867	-0.103559
28.0933	-0.101426
28.1	-0.0992919
28.1067	-0.0971552
28.1133	-0.0950167
28.12	-0.0928765
28.1267	-0.0907345
28.1333	-0.0885911
28.14	-0.0864463
28.1467	-0.0843002
28.1533	-0.0821529
28.16	-0.0800046
28.1667	-0.0778553
28.1733	-0.0757053
28.18	-0.0735545
28.1867	-0.0714032
28.1933	-0.0692514
28.2	-0.0670993
28.2067	-0.064947
28.2133	-0.0627946
28.22	-0.0606422
28.2267	-0.0584899
28.2333	-0.0563378
28.24	-0.0541861
28.2467	-0.0520349
28.2533	-0.0498843
28.26	-0.0477343
28.2667	-0.0455852
28.2733	-0.043437
28.28	-0.0412898
28.2867	-0.0391438
28.2933	-0.036999
28.3	-0.0348556
28.3067	-0.0327137
28.3133	-0.0305734
28.32	-0.0284348
28.3267	-0.0262979
28.3333	-0.024163
28.34	-0.0220301
28.3467	-0.0198994
28.3533	-0.0177709
28.36	-0.0156447
28.3667	-0.0135209
28.3733	-0.0113997
28.38	-0.00928121
28.3867	-0.00716544
28.3933	-0.00505253
28.4	-0.00294258
28.4067	-0.000835702
28.4133	0.00126801
28.42	0.00336846
28.4267	0.00546553
28.4333	0.00755914
28.44	0.00964919
28.4467	0.0117356
28.4533	0.0138182
28.46	0.0158969
28.4667	0.0179717
28.4733	0.0200425
28.48	0.0221091
28.4867	0.0241715
28.4933	0.0262295
28.5	0.0282831
28.5067	0.0303322
28.5133	0.0323767
28.52	0.0344165
28.5267	0.0364515
28.5333	0.0384817
28.54	0.0405068
28.5467	0.0425269
28.5533	0.0445419
28.56	0.0465517
28.5667	0.0485561
28.5733	0.0505551
28.58	0.0525487
28.5867	0.0545367
28.5933	0.056519
28.6	0.0584956
28.6067	0.0604664
28.6133	0.0624314
28.62	0.0643903
28.6267	0.0663432
28.6333	0.06829
28.64	0.0702306
28.6467	0.0721649
28.6533	0.0740929
28.66	0.0760144
28.6667	0.0779294
28.6733	0.0798379
28.68	0.0817397
28.6867	0.0836348
28.6933	0.0855231
28.7	0.0874046
28.7067	0.0892791
28.7133	0.0911467
28.72	0.0930072
28.7267	0.0948605
28.7333	0.0967067
28.74	0.0985456
28.7467	0.100377
28.7533	0.102201
28.76	0.104018
28.7667	0.105827
28.7733	0.107629
28.78	0.109423
28.7867	0.11121
28.7933	0.112988
28.8	0.114759
28.8067	0.116522
28.8133	0.118277
28.82	0.120024
28.8267	0.121764
28.8333	0.123495
28.84	0.125218
28.8467	0.126932
28.8533	0.128639
28.86	0.130337
28.8667	0.132027
28.8733	0.133709
28.88	0.135382
28.8867	0.137047
28.8933	0.138703
28.9	0.140351
28.9067	0.14199
28.9133	0.14362
28.92	0.145242
28.9267	0.146855
28.9333	0.148459
28.94	0.150055
28.9467	0.151642
28.9533	0.15322
28.96	0.154789
28.9667	0.156349
28.9733	0.1579
28.98	0.159442
28.9867	0.160975
28.9933	0.162499
29	0.164014
29.0067	0.165519
29.0133	0.167016
29.02	0.168504
29.0267	0.169982
29.0333	0.171451
29.04	0.172911
29.0467	0.174361
29.0533	0.175802
29.06	0.177234
29.0667	0.178656
29.0733	0.180069
29.08	0.181473
29.0867	0.182867
29.0933	0.184252
29.1	0.185628
29.1067	0.186994
29.1133	0.18835
29.12	0.189697
29.1267	0.191034
29.1333	0.192362
29.14	0.193681
29.1467	0.194989
29.1533	0.196289
29.16	0.197578
29.1667	0.198858
29.1733	0.200129
29.18	0.20139
29.1867	0.202641
29.1933	0.203883
29.2	0.205115
29.2067	0.206337
29.2133	0.20755
29.22	0.208753
29.2267	0.209946
29.2333	0.21113
29.24	0.212304
29.2467	0.213469
29.2533	0.214624
29.26	0.215769
29.2667	0.216905
29.2733	0.218031
29.28	0.219147
29.2867	0.220254
29.2933	0.221351
29.3	0.222438
29.3067	0.223516
29.3133	0.224584
29.32	0.225643
29.3267	0.226692
29.3333	0.227731
29.34	0.228761
29.3467	0.229781
29.3533	0.230792
29.36	0.231793
29.3667	0.232784
29.3733	0.233766
29.38	0.234739
29.3867	0.235702
29.3933	0.236655
29.4	0.2376
29.4067	0.238534
29.4133	0.239459
29.42	0.240375
29.4267	0.241281
29.4333	0.242178
29.44	0.243066
29.4467	0.243944
29.4533	0.244813
29.46	0.245672
29.4667	0.246523
29.4733	0.247363
29.48	0.248195
29.4867	0.249018
29.4933	0.249831
29.5	0.250635
29.5067	0.25143
29.5133	0.252216
29.52	0.252992
29.5267	0.25376
29.5333	0.254518
29.54	0.255267
29.5467	0.256008
29.5533	0.256739
29.56	0.257462
29.5667	0.258175
29.5733	0.25888
29.58	0.259575
29.5867	0.260262
29.5933	0.26094
29.6	0.261609
29.6067	0.26227
29.6133	0.262921
29.62	0.263564
29.6267	0.264198
29.6333	0.264824
29.64	0.265441
29.6467	0.266049
29.6533	0.266649
29.66	0.267241
29.6667	0.267823
29.6733	0.268398
29.68	0.268964
29.6867	0.269521
29.6933	0.27007
29.7	0.270611
29.7067	0.271144
29.7133	0.271668
29.72	0.272184
29.7267	0.272692
29.7333	0.273191
29.74	0.273683
29.7467	0.274166
29.7533	0.274642
29.76	0.275109
29.7667	0.275568
29.7733	0.27602
29.78	0.276463
29.7867	0.276899
29.7933	0.277327
29.8	0.277746
29.8067	0.278159
29.8133	0.278563
29.82	0.27896
29.8267	0.279349
29.8333	0.27973
29.84	0.280104
29.8467	0.28047
29.8533	0.280829
29.86	0.28118
29.8667	0.281524
29.8733	0.28186
29.88	0.282189
29.8867	0.282511
29.8933	0.282825
29.9	0.283132
29.9067	0.283432
29.9133	0.283725
29.92	0.28401
29.9267	0.284289
29.9333	0.28456
29.94	0.284824
29.9467	0.285081
29.9533	0.285331
29.96	0.285575
29.9667	0.285811
29.9733	0.28604
29.98	0.286263
29.9867	0.286479
29.9933	0.286688
30	0.28689
30.0067	0.287086
30.0133	0.287275
30.02	0.287457
30.0267	0.287633
30.0333	0.287802
30.04	0.287964
30.0467	0.28812
30.0533	0.28827
30.06	0.288413
30.0667	0.28855
30.0733	0.28868
30.08	0.288804
30.0867	0.288922
30.0933	0.289033
30.1	0.289138
30.1067	0.289237
30.1133	0.28933
30.12	0.289417
30.1267	0.289498
30.1333	0.289572
30.14	0.28964
30.1467	0.289703
30.1533	0.289759
30.16	0.289809
30.1667	0.289854
30.1733	0.289892
30.18	0.289925
30.1867	0.289952
30.1933	0.289973
30.2	0.289988
30.2067	0.289997
30.2133	0.290001
30.22	0.289999
30.2267	0.289991
30.2333	0.289977
30.24	0.289958
30.2467	0.289933
30.2533	0.289903
30.26	0.289866
30.2667	0.289825
30.2733	0.289778
30.28	0.289725
30.2867	0.289667
30.2933	0.289603
30.3	0.289534
30.3067	0.289459
30.3133	0.289379
30.32	0.289294
30.3267	0.289203
30.3333	0.289107
30.34	0.289005
30.3467	0.288899
30.3533	0.288786
30.36	0.288669
30.3667	0.288546
30.3733	0.288418
30.38	0.288285
30.3867	0.288146
30.3933	0.288003
30.4	0.287854
30.4067	0.287699
30.4133	0.28754
30.42	0.287375
30.4267	0.287206
30.4333	0.287031
30.44	0.286851
30.4467	0.286665
30.4533	0.286475
30.46	0.28628
30.4667	0.286079
30.4733	0.285873
30.48	0.285663
30.4867	0.285447
30.4933	0.285226
30.5	0.284999
30.5067	0.284768
30.5133	0.284532
30.52	0.284291
30.5267	0.284044
30.5333	0.283793
30.54	0.283536
30.5467	0.283274
30.5533	0.283008
30.56	0.282736
30.5667	0.282459
30.5733	0.282177
30.58	0.28189
30.5867	0.281597
30.5933	0.2813
30.6	0.280998
30.6067	0.28069
30.6133	0.280378
30.62	0.28006
30.6267	0.279737
30.6333	0.279409
30.64	0.279076
30.6467	0.278738
30.6533	0.278395
30.66	0.278046
30.6667	0.277693
30.6733	0.277334
30.68	0.27697
30.6867	0.2766
30.6933	0.276226
30.7	0.275846
30.7067	0.275461
30.7133	0.275071
30.72	0.274676
30.7267	0.274275
30.7333	0.273869
30.74	0.273457
30.7467	0.273041
30.7533	0.272619
30.76	0.272191
30.7667	0.271758
30.7733	0.27132
30.78	0.270877
30.7867	0.270427
30.7933	0.269973
30.8	0.269513
30.8067	0.269047
30.8133	0.268576
30.82	0.268099
30.8267	0.267617
30.8333	0.267129
30.84	0.266636
30.8467	0.266137
30.8533	0.265632
30.86	0.265121
30.8667	0.264605
30.8733	0.264083
30.88	0.263555
30.8867	0.263022
30.8933	0.262482
30.9	0.261937
30.9067	0.261386
30.9133	0.260829
30.92	0.260266
30.9267	0.259696
30.9333	0.259121
30.94	0.25854
30.9467	0.257953
30.9533	0.25736
30.96	0.25676
30.9667	0.256154
30.9733	0.255542
30.98	0.254924
30.9867	0.2543
30.9933	0.253669
31	0.253032
31.0067	0.252388
31.0133	0.251738
31.02	0.251082
31.0267	0.250419
31.0333	0.249749
31.04	0.249073
31.0467	0.248391
31.0533	0.247701
31.06	0.247005
31.0667	0.246303
31.0733	0.245593
31.08	0.244877
31.0867	0.244154
31.0933	0.243424
31.1	0.242687
31.1067	0.241943
31.1133	0.241192
31.12	0.240434
31.1267	0.239669
31.1333	0.238896
31.14	0.238117
31.1467	0.23733
31.1533	0.236537
31.16	0.235735
31.1667	0.234927
31.1733	0.234111
31.18	0.233288
31.1867	0.232457
31.1933	0.231618
31.2	0.230773
31.2067	0.229919
31.2133	0.229058
31.22	0.228189
31.2267	0.227313
31.2333	0.226428
31.24	0.225536
31.2467	0.224636
31.2533	0.223728
31.26	0.222812
31.2667	0.221888
31.2733	0.220957
31.28	0.220017
31.2867	0.219068
31.2933	0.218112
31.3	0.217148
31.3067	0.216175
31.3133	0.215194
31.32	0.214204
31.3267	0.213206
31.3333	0.2122
31.34	0.211185
31.3467	0.210162
31.3533	0.20913
31.36	0.20809
31.3667	0.207041
31.3733	0.205983
31.38	0.204916
31.3867	0.203841
31.3933	0.202757
31.4	0.201664
31.4067	0.200562
31.4133	0.199451
31.42	0.198331
31.4267	0.197202
31.4333	0.196064
31.44	0.194916
31.4467	0.19376
31.4533	0.192594
31.46	0.191419
31.4667	0.190235
31.4733	0.189042
31.48	0.187839
31.4867	0.186627
31.4933	0.185405
31.5	0.184174
31.5067	0.182933
31.5133	0.181683
31.52	0.180423
31.5267	0.179153
31.5333	0.177874
31.54	0.176585
31.5467	0.175286
31.5533	0.173978
31.56	0.17266
31.5667	0.171332
31.5733	0.169993
31.58	0.168645
31.5867	0.167287
31.5933	0.16592
31.6	0.164542
31.6067	0.163153
31.6133	0.161755
31.62	0.160347
31.6267	0.158929
31.6333	0.1575
31.64	0.156061
31.6467	0.154612
31.6533	0.153153
31.66	0.151683
31.6667	0.150203
31.6733	0.148713
31.68	0.147212
31.6867	0.145701
31.6933	0.14418
31.7	0.142648
31.7067	0.141105
31.7133	0.139552
31.72	0.137989
31.7267	0.136415
31.7333	0.13483
31.74	0.133235
31.7467	0.13163
31.7533	0.130013
31.76	0.128386
31.7667	0.126749
31.7733	0.125101
31.78	0.123442
31.7867	0.121772
31.7933	0.120092
31.8	0.118401
31.8067	0.116699
31.8133	0.114986
31.82	0.113263
31.8267	0.111529
31.8333	0.109784
31.84	0.108029
31.8467	0.106262
31.8533	0.104485
31.86	0.102697
31.8667	0.100899
31.8733	0.099089
31.88	0.0972687
31.8867	0.0954376
31.8933	0.0935958
31.9	0.0917431
31.9067	0.0898796
31.9133	0.0880053
31.92	0.0861203
31.9267	0.0842245
31.9333	0.0823179
31.94	0.0804005
31.9467	0.0784724
31.9533	0.0765335
31.96	0.0745839
31.9667	0.0726236
31.9733	0.0706525
31.98	0.0686708
31.9867	0.0666784
31.9933	0.0646753
32	0.0626615
32.0067	0.0606372
32.0133	0.0586022
32.02	0.0565566
32.0267	0.0545005
32.0333	0.0524338
32.04	0.0503566
32.0467	0.0482688
32.0533	0.0461706
32.06	0.044062
32.0667	0.041943
32.0733	0.0398135
32.08	0.0376737
32.0867	0.0355236
32.0933	0.0333632
32.1	0.0311925
32.1067	0.0290116
32.1133	0.0268206
32.12	0.0246194
32.1267	0.022408
32.1333	0.0201866
32.14	0.0179552
32.1467	0.0157138
32.1533	0.0134625
32.16	0.0112013
32.1667	0.00893024
32.1733	0.00664938
32.18	0.00435877
32.1867	0.00205847
32.1933	-0.000251477
32.2	-0.00257101
32.2067	-0.00490009
32.2133	-0.00723864
32.22	-0.00958662
32.2267	-0.011944
32.2333	-0.0143106
32.24	-0.0166865
32.2467	-0.0190716
32.2533	-0.0214658
32.26	-0.023869
32.2667	-0.0262813
32.2733	-0.0287024
32.28	-0.0311324
32.2867	-0.0335712
32.2933	-0.0360187
32.3	-0.0384749
32.3067	-0.0409396
32.3133	-0.0434128
32.32	-0.0458944
32.3267	-0.0483843
32.3333	-0.0508826
32.34	-0.0533889
32.3467	-0.0559034
32.3533	-0.0584259
32.36	-0.0609563
32.3667	-0.0634945
32.3733	-0.0660405
32.38	-0.0685942
32.3867	-0.0711554
32.3933	-0.0737241
32.4	-0.0763002
32.4067	-0.0788837
32.4133	-0.0814743
32.42	-0.084072
32.4267	-0.0866767
32.4333	-0.0892883
32.44	-0.0919068
32.4467	-0.0945319
32.4533	-0.0971637
32.46	-0.0998019
32.4667	-0.102447
32.4733	-0.105098
32.48	-0.107755
32.4867	-0.110418
32.4933	-0.113087
32.5	-0.115762
32.5067	-0.118443
32.5133	-0.121129
32.52	-0.123821
32.5267	-0.126518
32.5333	-0.129221
32.54	-0.131928
32.5467	-0.134641
32.5533	-0.137359
32.56	-0.140081
32.5667	-0.142808
32.5733	-0.14554
32.58	-0.148276
32.5867	-0.151016
32.5933	-0.15376
32.6	-0.156509
32.6067	-0.159261
32.6133	-0.162017
32.62	-0.164777
32.6267	-0.16754
32.6333	-0.170306
32.64	-0.173076
32.6467	-0.175849
32.6533	-0.178625
32.66	-0.181403
32.6667	-0.184184
32.6733	-0.186968
32.68	-0.189754
32.6867	-0.192542
32.6933	-0.195333
32.7	-0.198125
32.7067	-0.200919
32.7133	-0.203714
32.72	-0.206511
32.7267	-0.20931
32.7333	-0.212109
32.74	-0.21491
32.7467	-0.217711
32.7533	-0.220513
32.76	-0.223316
32.7667	-0.226119
32.7733	-0.228922
32.78	-0.231726
32.7867	-0.234529
32.7933	-0.237332
32.8	-0.240134
32.8067	-0.242936
32.8133	-0.245738
32.82	-0.248538
32.8267	-0.251337
32.8333	-0.254135
32.84	-0.256931
32.8467	-0.259726
32.8533	-0.26252
32.86	-0.265311
32.8667	-0.2681
32.8733	-0.270887
32.88	-0.273671
32.8867	-0.276453
32.8933	-0.279232
32.9	-0.282008
32.9067	-0.28478
32.9133	-0.28755
32.92	-0.290316
32.9267	-0.293078
32.9333	-0.295837
32.94	-0.298591
32.9467	-0.301341
32.9533	-0.304087
32.96	-0.306828
32.9667	-0.309564
32.9733	-0.312295
32.98	-0.315022
32.9867	-0.317742
32.9933	-0.320458
33	-0.323167
33.0067	-0.325871
33.0133	-0.328569
33.02	-0.33126
33.0267	-0.333945
33.0333	-0.336624
33.04	-0.339295
33.0467	-0.34196
33.0533	-0.344617
33.06	-0.347267
33.0667	-0.349909
33.0733	-0.352544
33.08	-0.35517
33.0867	-0.357788
33.0933	-0.360398
33.1	-0.363
33.1067	-0.365593
33.1133	-0.368176
33.12	-0.370751
33.1267	-0.373316
33.1333	-0.375872
33.14	-0.378418
33.1467	-0.380955
33.1533	-0.383481
33.16	-0.385996
33.1667	-0.388502
33.1733	-0.390996
33.18	-0.39348
33.1867	-0.395953
33.1933	-0.398414
33.2	-0.400864
33.2067	-0.403303
33.2133	-0.405729
33.22	-0.408144
33.2267	-0.410546
33.2333	-0.412936
33.24	-0.415313
33.2467	-0.417677
33.2533	-0.420029
33.26	-0.422367
33.2667	-0.424691
33.2733	-0.427002
33.28	-0.4293
33.2867	-0.431583
33.2933	-0.433852
33.3	-0.436107
33.3067	-0.438347
33.3133	-0.440572
33.32	-0.442783
33.3267	-0.444978
