0	0.0125143 1.5703
0.03	0.190927 0.157334
0.06	0.322472 1.52565
0.09	0.216163 1.55416
0.12	0.18195 -1.56277
 
# a = 0.05
 
0	0.0150322 1.57029
0.03	0.141421 0.136467
0.06	0.366644 1.45222
0.09	0.269531 1.55075
0.12	0.195637 1.54044
 
# a = 0.06
 
0	0.0175569 1.57029
0.03	0.233292 0.396173
0.06	0.434333 1.46543
0.09	0.293875 -1.56351
0.12	0.225206 1.50546
 
# a = 0.07
 
0	0.0200897 1.57029
0.03	0.200435 0.2365
0.06	0.445354 1.48448
0.09	0.341357 1.48846
0.12	0.259676 1.54551
 
# a = 0.08
 
0	0.022632 1.57029
0.03	0.265665 0.357413
0.06	0.490709 1.46442
0.09	0.370848 1.55639
0.12	0.286286 -1.56961
 
# a = 0.09
 
0	0.0251851 1.57029
0.03	0.434035 0.37397
0.06	0.503436 1.44545
0.09	0.405321 1.52389
0.12	0.309113 1.55691
 
# a = 0.1
 
