0	0.26943
0.00666667	0.538843
0.0133333	0.808226
0.02	1.07756
0.0266667	1.34683
0.0333333	1.61603
0.04	1.88513
0.0466667	2.15412
0.0533333	2.42298
0.06	2.6917
0.0666667	2.96026
0.0733333	3.22866
0.08	3.49686
0.0866667	3.76486
0.0933333	4.03264
0.1	4.30018
0.106667	4.56747
0.113333	4.8345
0.12	5.10124
0.126667	5.36769
0.133333	5.63382
0.14	5.89963
0.146667	6.16509
0.153333	6.43019
0.16	6.69491
0.166667	6.95925
0.173333	7.22318
0.18	7.48668
0.186667	7.74975
0.193333	8.01237
0.2	8.27452
0.206667	8.53619
0.213333	8.79737
0.22	9.05802
0.226667	9.31816
0.233333	9.57774
0.24	9.83677
0.246667	10.0952
0.253333	10.3531
0.26	10.6104
0.266667	10.867
0.273333	11.123
0.28	11.3784
0.286667	11.6331
0.293333	11.8871
0.3	12.1405
0.306667	12.3931
0.313333	12.645
0.32	12.8962
0.326667	13.1466
0.333333	13.3963
0.34	13.6452
0.346667	13.8932
0.353333	14.1405
0.36	14.387
0.366667	14.6326
0.373333	14.8774
0.38	15.1213
0.386667	15.3643
0.393333	15.6065
0.4	15.8477
0.406667	16.088
0.413333	16.3274
0.42	16.5659
0.426667	16.8034
0.433333	17.0399
0.44	17.2754
0.446667	17.5099
0.453333	17.7434
0.46	17.9759
0.466667	18.2073
0.473333	18.4377
0.48	18.667
0.486667	18.8953
0.493333	19.1224
0.5	19.3485
0.506667	19.5734
0.513333	19.7972
0.52	20.0199
0.526667	20.2414
0.533333	20.4617
0.54	20.6808
0.546667	20.8988
0.553333	21.1156
0.56	21.3311
0.566667	21.5454
0.573333	21.7585
0.58	21.9703
0.586667	22.1809
0.593333	22.3901
0.6	22.5981
0.606667	22.8048
0.613333	23.0102
0.62	23.2143
0.626667	23.417
0.633333	23.6184
0.64	23.8184
0.646667	24.0171
0.653333	24.2144
0.66	24.4103
0.666667	24.6048
0.673333	24.7979
0.68	24.9896
0.686667	25.1799
0.693333	25.3687
0.7	25.556
0.706667	25.7419
0.713333	25.9264
0.72	26.1093
0.726667	26.2908
0.733333	26.4708
0.74	26.6492
0.746667	26.8262
0.753333	27.0016
0.76	27.1755
0.766667	27.3478
0.773333	27.5186
0.78	27.6878
0.786667	27.8554
0.793333	28.0215
0.8	28.186
0.806667	28.3489
0.813333	28.5101
0.82	28.6698
0.826667	28.8278
0.833333	28.9842
0.84	29.139
0.846667	29.2921
0.853333	29.4436
0.86	29.5934
0.866667	29.7415
0.873333	29.8879
0.88	30.0327
0.886667	30.1758
0.893333	30.3172
0.9	30.4569
0.906667	30.5948
0.913333	30.7311
0.92	30.8656
0.926667	30.9984
0.933333	31.1294
0.94	31.2587
0.946667	31.3863
0.953333	31.5121
0.96	31.6361
0.966667	31.7584
0.973333	31.8789
0.98	31.9976
0.986667	32.1146
0.993333	32.2297
1	32.3431
1.00667	32.4546
1.01333	32.5644
1.02	32.6723
1.02667	32.7784
1.03333	32.8827
1.04	32.9852
1.04667	33.0859
1.05333	33.1847
1.06	33.2817
1.06667	33.3768
1.07333	33.4701
1.08	33.5616
1.08667	33.6512
1.09333	33.7389
1.1	33.8248
1.10667	33.9089
1.11333	33.991
1.12	34.0713
1.12667	34.1498
1.13333	34.2263
1.14	34.301
1.14667	34.3738
1.15333	34.4448
1.16	34.5138
1.16667	34.581
1.17333	34.6463
1.18	34.7097
1.18667	34.7712
1.19333	34.8308
1.2	34.8885
1.20667	34.9444
1.21333	34.9983
1.22	35.0503
1.22667	35.1005
1.23333	35.1487
1.24	35.1951
1.24667	35.2395
1.25333	35.2821
1.26	35.3227
1.26667	35.3615
1.27333	35.3983
1.28	35.4333
1.28667	35.4663
1.29333	35.4975
1.3	35.5267
1.30667	35.5541
1.31333	35.5795
1.32	35.6031
1.32667	35.6248
1.33333	35.6445
1.34	35.6624
1.34667	35.6784
1.35333	35.6925
1.36	35.7047
1.36667	35.715
1.37333	35.7234
1.38	35.73
1.38667	35.7346
1.39333	35.7374
1.4	35.7383
1.40667	35.7373
1.41333	35.7345
1.42	35.7298
1.42667	35.7232
1.43333	35.7148
1.44	35.7044
1.44667	35.6923
1.45333	35.6783
1.46	35.6624
1.46667	35.6447
1.47333	35.6251
1.48	35.6037
1.48667	35.5804
1.49333	35.5553
1.5	35.5284
1.50667	35.4997
1.51333	35.4691
1.52	35.4368
1.52667	35.4026
1.53333	35.3666
1.54	35.3288
1.54667	35.2892
1.55333	35.2478
1.56	35.2046
1.56667	35.1596
1.57333	35.1129
1.58	35.0644
1.58667	35.0141
1.59333	34.9621
1.6	34.9083
1.60667	34.8527
1.61333	34.7954
1.62	34.7364
1.62667	34.6756
1.63333	34.6131
1.64	34.5489
1.64667	34.483
1.65333	34.4154
1.66	34.3461
1.66667	34.275
1.67333	34.2023
1.68	34.1279
1.68667	34.0519
1.69333	33.9742
1.7	33.8948
1.70667	33.8138
1.71333	33.7311
1.72	33.6468
1.72667	33.5608
1.73333	33.4733
1.74	33.3841
1.74667	33.2933
1.75333	33.201
1.76	33.107
1.76667	33.0115
1.77333	32.9144
1.78	32.8157
1.78667	32.7155
1.79333	32.6137
1.8	32.5104
1.80667	32.4056
1.81333	32.2992
1.82	32.1914
1.82667	32.082
1.83333	31.9712
1.84	31.8588
1.84667	31.745
1.85333	31.6297
1.86	31.513
1.86667	31.3948
1.87333	31.2752
1.88	31.1542
1.88667	31.0317
1.89333	30.9078
1.9	30.7826
1.90667	30.6559
1.91333	30.5279
1.92	30.3985
1.92667	30.2678
1.93333	30.1357
1.94	30.0023
1.94667	29.8675
1.95333	29.7315
1.96	29.5941
1.96667	29.4555
1.97333	29.3155
1.98	29.1743
1.98667	29.0318
1.99333	28.8881
2	28.7432
2.00667	28.597
2.01333	28.4496
2.02	28.301
2.02667	28.1512
2.03333	28.0002
2.04	27.848
2.04667	27.6947
2.05333	27.5403
2.06	27.3847
2.06667	27.228
2.07333	27.0701
2.08	26.9112
2.08667	26.7512
2.09333	26.5901
2.1	26.4279
2.10667	26.2647
2.11333	26.1004
2.12	25.9352
2.12667	25.7688
2.13333	25.6015
2.14	25.4332
2.14667	25.264
2.15333	25.0937
2.16	24.9225
2.16667	24.7503
2.17333	24.5773
2.18	24.4033
2.18667	24.2283
2.19333	24.0525
2.2	23.8759
2.20667	23.6983
2.21333	23.5199
2.22	23.3407
2.22667	23.1606
2.23333	22.9797
2.24	22.798
2.24667	22.6155
2.25333	22.4322
2.26	22.2482
2.26667	22.0634
2.27333	21.8778
2.28	21.6916
2.28667	21.5046
2.29333	21.3169
2.3	21.1286
2.30667	20.9395
2.31333	20.7498
2.32	20.5595
2.32667	20.3685
2.33333	20.1769
2.34	19.9847
2.34667	19.7919
2.35333	19.5985
2.36	19.4045
2.36667	19.21
2.37333	19.0149
2.38	18.8193
2.38667	18.6232
2.39333	18.4266
2.4	18.2295
2.40667	18.0319
2.41333	17.8338
2.42	17.6353
2.42667	17.4364
2.43333	17.237
2.44	17.0372
2.44667	16.8371
2.45333	16.6365
2.46	16.4356
2.46667	16.2343
2.47333	16.0327
2.48	15.8307
2.48667	15.6285
2.49333	15.4259
2.5	15.223
2.50667	15.0199
2.51333	14.8165
2.52	14.6128
2.52667	14.4089
2.53333	14.2048
2.54	14.0005
2.54667	13.796
2.55333	13.5913
2.56	13.3864
2.56667	13.1813
2.57333	12.9762
2.58	12.7708
2.58667	12.5654
2.59333	12.3599
2.6	12.1542
2.60667	11.9485
2.61333	11.7428
2.62	11.5369
2.62667	11.3311
2.63333	11.1252
2.64	10.9193
2.64667	10.7134
2.65333	10.5075
2.66	10.3016
2.66667	10.0958
2.67333	9.88997
2.68	9.68426
2.68667	9.47862
2.69333	9.27307
2.7	9.06762
2.70667	8.86228
2.71333	8.65708
2.72	8.45201
2.72667	8.2471
2.73333	8.04235
2.74	7.83778
2.74667	7.6334
2.75333	7.42923
2.76	7.22527
2.76667	7.02153
2.77333	6.81804
2.78	6.6148
2.78667	6.41182
2.79333	6.20912
2.8	6.00671
2.80667	5.8046
2.81333	5.6028
2.82	5.40133
2.82667	5.2002
2.83333	4.99941
2.84	4.79899
2.84667	4.59893
2.85333	4.39926
2.86	4.19999
2.86667	4.00113
2.87333	3.80268
2.88	3.60467
2.88667	3.4071
2.89333	3.20998
2.9	3.01333
2.90667	2.81716
2.91333	2.62147
2.92	2.42628
2.92667	2.2316
2.93333	2.03745
2.94	1.84383
2.94667	1.65075
2.95333	1.45822
2.96	1.26626
2.96667	1.07488
2.97333	0.88408
2.98	0.69388
2.98667	0.504289
2.99333	0.315316
3	0.126973
3.00667	-0.0607314
3.01333	-0.247786
3.02	-0.43418
3.02667	-0.619903
3.03333	-0.804946
3.04	-0.989299
3.04667	-1.17295
3.05333	-1.35589
3.06	-1.53811
3.06667	-1.71961
3.07333	-1.90036
3.08	-2.08036
3.08667	-2.2596
3.09333	-2.43808
3.1	-2.61577
3.10667	-2.79268
3.11333	-2.96879
3.12	-3.1441
3.12667	-3.31859
3.13333	-3.49226
3.14	-3.6651
3.14667	-3.83709
3.15333	-4.00823
3.16	-4.17852
3.16667	-4.34793
3.17333	-4.51647
3.18	-4.68413
3.18667	-4.85089
3.19333	-5.01675
3.2	-5.1817
3.20667	-5.34574
3.21333	-5.50884
3.22	-5.67101
3.22667	-5.83225
3.23333	-5.99253
3.24	-6.15185
3.24667	-6.31021
3.25333	-6.4676
3.26	-6.624
3.26667	-6.77942
3.27333	-6.93384
3.28	-7.08727
3.28667	-7.23968
3.29333	-7.39107
3.3	-7.54145
3.30667	-7.69079
3.31333	-7.8391
3.32	-7.98636
3.32667	-8.13257
3.33333	-8.27773
3.34	-8.42182
3.34667	-8.56485
3.35333	-8.7068
3.36	-8.84766
3.36667	-8.98744
3.37333	-9.12613
3.38	-9.26371
3.38667	-9.40019
3.39333	-9.53556
3.4	-9.66981
3.40667	-9.80295
3.41333	-9.93495
3.42	-10.0658
3.42667	-10.1955
3.43333	-10.3241
3.44	-10.4516
3.44667	-10.5779
3.45333	-10.703
3.46	-10.827
3.46667	-10.9498
3.47333	-11.0714
3.48	-11.1918
3.48667	-11.3111
3.49333	-11.4292
3.5	-11.5461
3.50667	-11.6618
3.51333	-11.7763
3.52	-11.8896
3.52667	-12.0017
3.53333	-12.1125
3.54	-12.2222
3.54667	-12.3307
3.55333	-12.4379
3.56	-12.5439
3.56667	-12.6487
3.57333	-12.7522
3.58	-12.8546
3.58667	-12.9557
3.59333	-13.0555
3.6	-13.1541
3.60667	-13.2515
3.61333	-13.3476
3.62	-13.4424
3.62667	-13.5361
3.63333	-13.6284
3.64	-13.7195
3.64667	-13.8094
3.65333	-13.8979
3.66	-13.9853
3.66667	-14.0713
3.67333	-14.1561
3.68	-14.2396
3.68667	-14.3219
3.69333	-14.4029
3.7	-14.4826
3.70667	-14.561
3.71333	-14.6382
3.72	-14.7141
3.72667	-14.7887
3.73333	-14.862
3.74	-14.934
3.74667	-15.0048
3.75333	-15.0743
3.76	-15.1425
3.76667	-15.2095
3.77333	-15.2751
3.78	-15.3395
3.78667	-15.4026
3.79333	-15.4644
3.8	-15.5249
3.80667	-15.5841
3.81333	-15.6421
3.82	-15.6988
3.82667	-15.7542
3.83333	-15.8083
3.84	-15.8611
3.84667	-15.9127
3.85333	-15.9629
3.86	-16.0119
3.86667	-16.0597
3.87333	-16.1061
3.88	-16.1513
3.88667	-16.1952
3.89333	-16.2378
3.9	-16.2792
3.90667	-16.3192
3.91333	-16.358
3.92	-16.3956
3.92667	-16.4319
3.93333	-16.4669
3.94	-16.5007
3.94667	-16.5332
3.95333	-16.5644
3.96	-16.5944
3.96667	-16.6231
3.97333	-16.6506
3.98	-16.6768
3.98667	-16.7018
3.99333	-16.7256
4	-16.7481
4.00667	-16.7693
4.01333	-16.7893
4.02	-16.8081
4.02667	-16.8257
4.03333	-16.842
4.04	-16.8571
4.04667	-16.871
4.05333	-16.8837
4.06	-16.8952
4.06667	-16.9054
4.07333	-16.9145
4.08	-16.9223
4.08667	-16.9289
4.09333	-16.9344
4.1	-16.9386
4.10667	-16.9417
4.11333	-16.9435
4.12	-16.9442
4.12667	-16.9438
4.13333	-16.9421
4.14	-16.9393
4.14667	-16.9353
4.15333	-16.9301
4.16	-16.9238
4.16667	-16.9163
4.17333	-16.9077
4.18	-16.898
4.18667	-16.8871
4.19333	-16.8751
4.2	-16.8619
4.20667	-16.8477
4.21333	-16.8323
4.22	-16.8158
4.22667	-16.7982
4.23333	-16.7794
4.24	-16.7596
4.24667	-16.7387
4.25333	-16.7167
4.26	-16.6937
4.26667	-16.6695
4.27333	-16.6443
4.28	-16.618
4.28667	-16.5907
4.29333	-16.5623
4.3	-16.5328
4.30667	-16.5023
4.31333	-16.4708
4.32	-16.4382
4.32667	-16.4047
4.33333	-16.3701
4.34	-16.3345
4.34667	-16.2978
4.35333	-16.2602
4.36	-16.2216
4.36667	-16.182
4.37333	-16.1414
4.38	-16.0999
4.38667	-16.0574
4.39333	-16.0139
4.4	-15.9694
4.40667	-15.924
4.41333	-15.8777
4.42	-15.8304
4.42667	-15.7823
4.43333	-15.7331
4.44	-15.6831
4.44667	-15.6322
4.45333	-15.5803
4.46	-15.5276
4.46667	-15.474
4.47333	-15.4195
4.48	-15.3641
4.48667	-15.3079
4.49333	-15.2508
4.5	-15.1928
4.50667	-15.134
4.51333	-15.0744
4.52	-15.0139
4.52667	-14.9527
4.53333	-14.8906
4.54	-14.8277
4.54667	-14.764
4.55333	-14.6995
4.56	-14.6342
4.56667	-14.5681
4.57333	-14.5013
4.58	-14.4337
4.58667	-14.3654
4.59333	-14.2963
4.6	-14.2265
4.60667	-14.1559
4.61333	-14.0846
4.62	-14.0126
4.62667	-13.9399
4.63333	-13.8665
4.64	-13.7925
4.64667	-13.7177
4.65333	-13.6422
4.66	-13.5661
4.66667	-13.4893
4.67333	-13.4119
4.68	-13.3338
4.68667	-13.2551
4.69333	-13.1758
4.7	-13.0958
4.70667	-13.0152
4.71333	-12.9341
4.72	-12.8523
4.72667	-12.77
4.73333	-12.687
4.74	-12.6035
4.74667	-12.5195
4.75333	-12.4348
4.76	-12.3497
4.76667	-12.264
4.77333	-12.1777
4.78	-12.091
4.78667	-12.0037
4.79333	-11.916
4.8	-11.8277
4.80667	-11.7389
4.81333	-11.6497
4.82	-11.56
4.82667	-11.4698
4.83333	-11.3792
4.84	-11.2881
4.84667	-11.1966
4.85333	-11.1047
4.86	-11.0124
4.86667	-10.9196
4.87333	-10.8264
4.88	-10.7328
4.88667	-10.6389
4.89333	-10.5446
4.9	-10.4499
4.90667	-10.3548
4.91333	-10.2594
4.92	-10.1636
4.92667	-10.0675
4.93333	-9.97108
4.94	-9.87432
4.94667	-9.77726
4.95333	-9.67989
4.96	-9.58223
4.96667	-9.48428
4.97333	-9.38605
4.98	-9.28755
4.98667	-9.18879
4.99333	-9.08978
5	-8.99052
5.00667	-8.89102
5.01333	-8.79129
5.02	-8.69135
5.02667	-8.59119
5.03333	-8.49082
5.04	-8.39026
5.04667	-8.28952
5.05333	-8.18859
5.06	-8.08749
5.06667	-7.98623
5.07333	-7.88481
5.08	-7.78325
5.08667	-7.68154
5.09333	-7.57971
5.1	-7.47776
5.10667	-7.37568
5.11333	-7.27351
5.12	-7.17123
5.12667	-7.06886
5.13333	-6.96642
5.14	-6.86389
5.14667	-6.7613
5.15333	-6.65865
5.16	-6.55595
5.16667	-6.45321
5.17333	-6.35043
5.18	-6.24762
5.18667	-6.1448
5.19333	-6.04196
5.2	-5.93912
5.20667	-5.83628
5.21333	-5.73345
5.22	-5.63064
5.22667	-5.52786
5.23333	-5.42512
5.24	-5.32241
5.24667	-5.21975
5.25333	-5.11715
5.26	-5.01461
5.26667	-4.91215
5.27333	-4.80976
5.28	-4.70746
5.28667	-4.60526
5.29333	-4.50315
5.3	-4.40116
5.30667	-4.29927
5.31333	-4.19752
5.32	-4.09589
5.32667	-3.99439
5.33333	-3.89305
5.34	-3.79185
5.34667	-3.69081
5.35333	-3.58994
5.36	-3.48923
5.36667	-3.38871
5.37333	-3.28837
5.38	-3.18823
5.38667	-3.08828
5.39333	-2.98854
5.4	-2.88902
5.40667	-2.78971
5.41333	-2.69063
5.42	-2.59178
5.42667	-2.49317
5.43333	-2.39481
5.44	-2.2967
5.44667	-2.19885
5.45333	-2.10126
5.46	-2.00394
5.46667	-1.90691
5.47333	-1.81015
5.48	-1.71369
5.48667	-1.61752
5.49333	-1.52165
5.5	-1.42609
5.50667	-1.33085
5.51333	-1.23593
5.52	-1.14133
5.52667	-1.04706
5.53333	-0.953135
5.54	-0.859551
5.54667	-0.766317
5.55333	-0.673437
5.56	-0.580918
5.56667	-0.488766
5.57333	-0.396985
5.58	-0.305582
5.58667	-0.214561
5.59333	-0.123928
5.6	-0.0336888
5.60667	0.0561519
5.61333	0.145589
5.62	0.234616
5.62667	0.32323
5.63333	0.411424
5.64	0.499194
5.64667	0.586534
5.65333	0.67344
5.66	0.759908
5.66667	0.845931
5.67333	0.931506
5.68	1.01663
5.68667	1.10129
5.69333	1.18549
5.7	1.26922
5.70667	1.35249
5.71333	1.43527
5.72	1.51758
5.72667	1.5994
5.73333	1.68073
5.74	1.76156
5.74667	1.8419
5.75333	1.92174
5.76	2.00108
5.76667	2.0799
5.77333	2.15821
5.78	2.236
5.78667	2.31327
5.79333	2.39001
5.8	2.46623
5.80667	2.54191
5.81333	2.61706
5.82	2.69167
5.82667	2.76573
5.83333	2.83925
5.84	2.91221
5.84667	2.98463
5.85333	3.05648
5.86	3.12778
5.86667	3.19851
5.87333	3.26868
5.88	3.33827
5.88667	3.4073
5.89333	3.47575
5.9	3.54362
5.90667	3.61091
5.91333	3.67761
5.92	3.74373
5.92667	3.80926
5.93333	3.8742
5.94	3.93855
5.94667	4.00229
5.95333	4.06544
5.96	4.12798
5.96667	4.18993
5.97333	4.25126
5.98	4.31199
5.98667	4.3721
5.99333	4.43161
6	4.49049
6.00667	4.54876
6.01333	4.60642
6.02	4.66345
6.02667	4.71986
6.03333	4.77564
6.04	4.8308
6.04667	4.88533
6.05333	4.93923
6.06	4.9925
6.06667	5.04514
6.07333	5.09715
6.08	5.14852
6.08667	5.19925
6.09333	5.24935
6.1	5.2988
6.10667	5.34762
6.11333	5.3958
6.12	5.44333
6.12667	5.49022
6.13333	5.53647
6.14	5.58207
6.14667	5.62703
6.15333	5.67134
6.16	5.715
6.16667	5.75801
6.17333	5.80038
6.18	5.8421
6.18667	5.88316
6.19333	5.92358
6.2	5.96335
6.20667	6.00246
6.21333	6.04093
6.22	6.07874
6.22667	6.11591
6.23333	6.15242
6.24	6.18828
6.24667	6.22349
6.25333	6.25804
6.26	6.29195
6.26667	6.3252
6.27333	6.35781
6.28	6.38976
6.28667	6.42106
6.29333	6.45171
6.3	6.48171
6.30667	6.51106
6.31333	6.53977
6.32	6.56782
6.32667	6.59523
6.33333	6.62199
6.34	6.6481
6.34667	6.67356
6.35333	6.69839
6.36	6.72256
6.36667	6.7461
6.37333	6.76899
6.38	6.79124
6.38667	6.81285
6.39333	6.83382
6.4	6.85416
6.40667	6.87385
6.41333	6.89291
6.42	6.91134
6.42667	6.92913
6.43333	6.94629
6.44	6.96282
6.44667	6.97872
6.45333	6.994
6.46	7.00865
6.46667	7.02267
6.47333	7.03607
6.48	7.04885
6.48667	7.06101
6.49333	7.07255
6.5	7.08348
6.50667	7.09379
6.51333	7.10349
6.52	7.11258
6.52667	7.12106
6.53333	7.12894
6.54	7.13621
6.54667	7.14288
6.55333	7.14895
6.56	7.15442
6.56667	7.1593
6.57333	7.16358
6.58	7.16727
6.58667	7.17037
6.59333	7.17289
6.6	7.17482
6.60667	7.17617
6.61333	7.17694
6.62	7.17713
6.62667	7.17675
6.63333	7.1758
6.64	7.17428
6.64667	7.17219
6.65333	7.16954
6.66	7.16633
6.66667	7.16256
6.67333	7.15823
6.68	7.15336
6.68667	7.14793
6.69333	7.14195
6.7	7.13543
6.70667	7.12838
6.71333	7.12078
6.72	7.11265
6.72667	7.10398
6.73333	7.09479
6.74	7.08507
6.74667	7.07483
6.75333	7.06407
6.76	7.05279
6.76667	7.041
6.77333	7.0287
6.78	7.01589
6.78667	7.00258
6.79333	6.98877
6.8	6.97447
6.80667	6.95967
6.81333	6.94438
6.82	6.9286
6.82667	6.91235
6.83333	6.89561
6.84	6.87839
6.84667	6.86071
6.85333	6.84256
6.86	6.82394
6.86667	6.80486
6.87333	6.78532
6.88	6.76532
6.88667	6.74488
6.89333	6.72399
6.9	6.70266
6.90667	6.68088
6.91333	6.65868
6.92	6.63604
6.92667	6.61297
6.93333	6.58947
6.94	6.56556
6.94667	6.54123
6.95333	6.51649
6.96	6.49134
6.96667	6.46578
6.97333	6.43983
6.98	6.41347
6.98667	6.38673
6.99333	6.35959
7	6.33207
7.00667	6.30417
7.01333	6.27589
7.02	6.24724
7.02667	6.21822
7.03333	6.18883
7.04	6.15908
7.04667	6.12898
7.05333	6.09852
7.06	6.06772
7.06667	6.03657
7.07333	6.00508
7.08	5.97325
7.08667	5.94109
7.09333	5.90861
7.1	5.8758
7.10667	5.84267
7.11333	5.80922
7.12	5.77547
7.12667	5.74141
7.13333	5.70704
7.14	5.67238
7.14667	5.63742
7.15333	5.60217
7.16	5.56663
7.16667	5.53082
7.17333	5.49473
7.18	5.45836
7.18667	5.42172
7.19333	5.38482
7.2	5.34766
7.20667	5.31025
7.21333	5.27258
7.22	5.23466
7.22667	5.1965
7.23333	5.15811
7.24	5.11947
7.24667	5.08061
7.25333	5.04152
7.26	5.00221
7.26667	4.96268
7.27333	4.92294
7.28	4.88299
7.28667	4.84283
7.29333	4.80248
7.3	4.76192
7.30667	4.72118
7.31333	4.68025
7.32	4.63913
7.32667	4.59784
7.33333	4.55637
7.34	4.51473
7.34667	4.47292
7.35333	4.43095
7.36	4.38883
7.36667	4.34655
7.37333	4.30412
7.38	4.26154
7.38667	4.21882
7.39333	4.17597
7.4	4.13299
7.40667	4.08987
7.41333	4.04664
7.42	4.00328
7.42667	3.9598
7.43333	3.91622
7.44	3.87253
7.44667	3.82873
7.45333	3.78483
7.46	3.74084
7.46667	3.69676
7.47333	3.65259
7.48	3.60834
7.48667	3.56401
7.49333	3.51961
7.5	3.47513
7.50667	3.43059
7.51333	3.38599
7.52	3.34133
7.52667	3.29661
7.53333	3.25184
7.54	3.20703
7.54667	3.16217
7.55333	3.11728
7.56	3.07235
7.56667	3.02739
7.57333	2.9824
7.58	2.93739
7.58667	2.89236
7.59333	2.84732
7.6	2.80226
7.60667	2.7572
7.61333	2.71214
7.62	2.66707
7.62667	2.62201
7.63333	2.57696
7.64	2.53191
7.64667	2.48689
7.65333	2.44188
7.66	2.39689
7.66667	2.35193
7.67333	2.30701
7.68	2.26211
7.68667	2.21725
7.69333	2.17244
7.7	2.12766
7.70667	2.08294
7.71333	2.03827
7.72	1.99365
7.72667	1.94909
7.73333	1.90459
7.74	1.86016
7.74667	1.8158
7.75333	1.77151
7.76	1.72729
7.76667	1.68316
7.77333	1.6391
7.78	1.59514
7.78667	1.55126
7.79333	1.50747
7.8	1.46379
7.80667	1.42019
7.81333	1.37671
7.82	1.33332
7.82667	1.29005
7.83333	1.24689
7.84	1.20384
7.84667	1.16091
7.85333	1.1181
7.86	1.07541
7.86667	1.03286
7.87333	0.990428
7.88	0.948133
7.88667	0.905974
7.89333	0.863955
7.9	0.822077
7.90667	0.780343
7.91333	0.738757
7.92	0.697322
7.92667	0.65604
7.93333	0.614914
7.94	0.573946
7.94667	0.53314
7.95333	0.492498
7.96	0.452023
7.96667	0.411717
7.97333	0.371583
7.98	0.331624
7.98667	0.291843
7.99333	0.25224
8	0.212821
8.00667	0.173585
8.01333	0.134538
8.02	0.0956792
8.02667	0.0570129
8.03333	0.018541
8.04	-0.0197342
8.04667	-0.0578104
8.05333	-0.0956852
8.06	-0.133356
8.06667	-0.170822
8.07333	-0.208079
8.08	-0.245126
8.08667	-0.281961
8.09333	-0.318582
8.1	-0.354985
8.10667	-0.391171
8.11333	-0.427135
8.12	-0.462877
8.12667	-0.498394
8.13333	-0.533685
8.14	-0.568747
8.14667	-0.603579
8.15333	-0.638178
8.16	-0.672544
8.16667	-0.706673
8.17333	-0.740565
8.18	-0.774217
8.18667	-0.807629
8.19333	-0.840797
8.2	-0.873721
8.20667	-0.906399
8.21333	-0.938829
8.22	-0.971009
8.22667	-1.00294
8.23333	-1.03462
8.24	-1.06604
8.24667	-1.09721
8.25333	-1.12812
8.26	-1.15877
8.26667	-1.18917
8.27333	-1.2193
8.28	-1.24917
8.28667	-1.27878
8.29333	-1.30812
8.3	-1.3372
8.30667	-1.36601
8.31333	-1.39455
8.32	-1.42282
8.32667	-1.45082
8.33333	-1.47855
8.34	-1.50601
8.34667	-1.5332
8.35333	-1.5601
8.36	-1.58674
8.36667	-1.61309
8.37333	-1.63917
8.38	-1.66497
8.38667	-1.6905
8.39333	-1.71574
8.4	-1.7407
8.40667	-1.76538
8.41333	-1.78977
8.42	-1.81389
8.42667	-1.83772
8.43333	-1.86126
8.44	-1.88453
8.44667	-1.9075
8.45333	-1.93019
8.46	-1.95259
8.46667	-1.97471
8.47333	-1.99653
8.48	-2.01807
8.48667	-2.03932
8.49333	-2.06028
8.5	-2.08096
8.50667	-2.10134
8.51333	-2.12143
8.52	-2.14123
8.52667	-2.16075
8.53333	-2.17997
8.54	-2.1989
8.54667	-2.21753
8.55333	-2.23588
8.56	-2.25394
8.56667	-2.2717
8.57333	-2.28917
8.58	-2.30635
8.58667	-2.32324
8.59333	-2.33984
8.6	-2.35614
8.60667	-2.37216
8.61333	-2.38788
8.62	-2.40331
8.62667	-2.41845
8.63333	-2.43329
8.64	-2.44785
8.64667	-2.46211
8.65333	-2.47609
8.66	-2.48977
8.66667	-2.50317
8.67333	-2.51627
8.68	-2.52909
8.68667	-2.54161
8.69333	-2.55385
8.7	-2.5658
8.70667	-2.57746
8.71333	-2.58883
8.72	-2.59991
8.72667	-2.61071
8.73333	-2.62123
8.74	-2.63145
8.74667	-2.6414
8.75333	-2.65105
8.76	-2.66043
8.76667	-2.66952
8.77333	-2.67833
8.78	-2.68686
8.78667	-2.6951
8.79333	-2.70307
8.8	-2.71075
8.80667	-2.71816
8.81333	-2.72529
8.82	-2.73214
8.82667	-2.73871
8.83333	-2.74501
8.84	-2.75104
8.84667	-2.75679
8.85333	-2.76226
8.86	-2.76747
8.86667	-2.7724
8.87333	-2.77707
8.88	-2.78146
8.88667	-2.78559
8.89333	-2.78945
8.9	-2.79304
8.90667	-2.79637
8.91333	-2.79943
8.92	-2.80223
8.92667	-2.80477
8.93333	-2.80705
8.94	-2.80907
8.94667	-2.81083
8.95333	-2.81233
8.96	-2.81358
8.96667	-2.81457
8.97333	-2.81531
8.98	-2.81579
8.98667	-2.81603
8.99333	-2.81602
9	-2.81575
9.00667	-2.81524
9.01333	-2.81449
9.02	-2.81349
9.02667	-2.81224
9.03333	-2.81076
9.04	-2.80904
9.04667	-2.80707
9.05333	-2.80487
9.06	-2.80243
9.06667	-2.79976
9.07333	-2.79686
9.08	-2.79372
9.08667	-2.79035
9.09333	-2.78676
9.1	-2.78294
9.10667	-2.77889
9.11333	-2.77462
9.12	-2.77012
9.12667	-2.76541
9.13333	-2.76047
9.14	-2.75532
9.14667	-2.74995
9.15333	-2.74437
9.16	-2.73857
9.16667	-2.73257
9.17333	-2.72635
9.18	-2.71993
9.18667	-2.7133
9.19333	-2.70646
9.2	-2.69942
9.20667	-2.69218
9.21333	-2.68474
9.22	-2.67711
9.22667	-2.66928
9.23333	-2.66125
9.24	-2.65303
9.24667	-2.64462
9.25333	-2.63602
9.26	-2.62724
9.26667	-2.61827
9.27333	-2.60911
9.28	-2.59978
9.28667	-2.59026
9.29333	-2.58057
9.3	-2.57069
9.30667	-2.56065
9.31333	-2.55043
9.32	-2.54004
9.32667	-2.52948
9.33333	-2.51876
9.34	-2.50787
9.34667	-2.49681
9.35333	-2.4856
9.36	-2.47422
9.36667	-2.46269
9.37333	-2.451
9.38	-2.43916
9.38667	-2.42716
9.39333	-2.41502
9.4	-2.40273
9.40667	-2.39029
9.41333	-2.3777
9.42	-2.36497
9.42667	-2.35211
9.43333	-2.3391
9.44	-2.32596
9.44667	-2.31268
9.45333	-2.29927
9.46	-2.28572
9.46667	-2.27205
9.47333	-2.25825
9.48	-2.24433
9.48667	-2.23028
9.49333	-2.21611
9.5	-2.20182
9.50667	-2.18742
9.51333	-2.1729
9.52	-2.15826
9.52667	-2.14351
9.53333	-2.12866
9.54	-2.11369
9.54667	-2.09862
9.55333	-2.08345
9.56	-2.06817
9.56667	-2.0528
9.57333	-2.03732
9.58	-2.02175
9.58667	-2.00609
9.59333	-1.99033
9.6	-1.97448
9.60667	-1.95854
9.61333	-1.94252
9.62	-1.92641
9.62667	-1.91022
9.63333	-1.89395
9.64	-1.8776
9.64667	-1.86118
9.65333	-1.84468
9.66	-1.8281
9.66667	-1.81146
9.67333	-1.79474
9.68	-1.77796
9.68667	-1.76111
9.69333	-1.7442
9.7	-1.72723
9.70667	-1.71019
9.71333	-1.6931
9.72	-1.67596
9.72667	-1.65876
9.73333	-1.6415
9.74	-1.6242
9.74667	-1.60685
9.75333	-1.58945
9.76	-1.572
9.76667	-1.55451
9.77333	-1.53699
9.78	-1.51942
9.78667	-1.50181
9.79333	-1.48417
9.8	-1.46649
9.80667	-1.44879
9.81333	-1.43105
9.82	-1.41328
9.82667	-1.39549
9.83333	-1.37767
9.84	-1.35983
9.84667	-1.34196
9.85333	-1.32408
9.86	-1.30618
9.86667	-1.28826
9.87333	-1.27033
9.88	-1.25238
9.88667	-1.23443
9.89333	-1.21646
9.9	-1.19849
9.90667	-1.18051
9.91333	-1.16252
9.92	-1.14453
9.92667	-1.12655
9.93333	-1.10856
9.94	-1.09057
9.94667	-1.07259
9.95333	-1.05461
9.96	-1.03665
9.96667	-1.01868
9.97333	-1.00073
9.98	-0.982795
9.98667	-0.96487
9.99333	-0.946959
10	-0.929065
10.0067	-0.91119
10.0133	-0.893333
10.02	-0.875498
10.0267	-0.857685
10.0333	-0.839897
10.04	-0.822134
10.0467	-0.804398
10.0533	-0.78669
10.06	-0.769013
10.0667	-0.751367
10.0733	-0.733754
10.08	-0.716175
10.0867	-0.698632
10.0933	-0.681125
10.1	-0.663658
10.1067	-0.64623
10.1133	-0.628843
10.12	-0.611499
10.1267	-0.594199
10.1333	-0.576944
10.14	-0.559735
10.1467	-0.542575
10.1533	-0.525463
10.16	-0.508402
10.1667	-0.491393
10.1733	-0.474436
10.18	-0.457534
10.1867	-0.440687
10.1933	-0.423897
10.2	-0.407165
10.2067	-0.390491
10.2133	-0.373878
10.22	-0.357327
10.2267	-0.340837
10.2333	-0.324412
10.24	-0.308051
10.2467	-0.291756
10.2533	-0.275529
10.26	-0.259369
10.2667	-0.243278
10.2733	-0.227258
10.28	-0.211309
10.2867	-0.195433
10.2933	-0.17963
10.3	-0.163901
10.3067	-0.148247
10.3133	-0.13267
10.32	-0.117171
10.3267	-0.101749
10.3333	-0.086407
10.34	-0.071145
10.3467	-0.0559641
10.3533	-0.0408652
10.36	-0.0258492
10.3667	-0.010917
10.3733	0.00393062
10.38	0.0186927
10.3867	0.0333685
10.3933	0.0479572
10.4	0.0624579
10.4067	0.0768698
10.4133	0.0911922
10.42	0.105424
10.4267	0.119565
10.4333	0.133614
10.44	0.147571
10.4467	0.161435
10.4533	0.175204
10.46	0.188879
10.4667	0.202458
10.4733	0.215942
10.48	0.229329
10.4867	0.242618
10.4933	0.25581
10.5	0.268903
10.5067	0.281898
10.5133	0.294792
10.52	0.307586
10.5267	0.32028
10.5333	0.332872
10.54	0.345363
10.5467	0.35775
10.5533	0.370036
10.56	0.382217
10.5667	0.394295
10.5733	0.406269
10.58	0.418138
10.5867	0.429902
10.5933	0.44156
10.6	0.453112
10.6067	0.464558
10.6133	0.475897
10.62	0.487129
10.6267	0.498254
10.6333	0.50927
10.64	0.520179
10.6467	0.530979
10.6533	0.54167
10.66	0.552253
10.6667	0.562726
10.6733	0.573089
10.68	0.583343
10.6867	0.593486
10.6933	0.603519
10.7	0.613442
10.7067	0.623254
10.7133	0.632955
10.72	0.642545
10.7267	0.652024
10.7333	0.661392
10.74	0.670648
10.7467	0.679792
10.7533	0.688824
10.76	0.697745
10.7667	0.706554
10.7733	0.715251
10.78	0.723835
10.7867	0.732308
10.7933	0.740668
10.8	0.748916
10.8067	0.757052
10.8133	0.765076
10.82	0.772988
10.8267	0.780787
10.8333	0.788474
10.84	0.796049
10.8467	0.803512
10.8533	0.810863
10.86	0.818102
10.8667	0.825229
10.8733	0.832245
10.88	0.839149
10.8867	0.845941
10.8933	0.852622
10.9	0.859192
10.9067	0.86565
10.9133	0.871998
10.92	0.878235
10.9267	0.884361
10.9333	0.890377
10.94	0.896283
10.9467	0.902079
10.9533	0.907765
10.96	0.913342
10.9667	0.918809
10.9733	0.924167
10.98	0.929417
10.9867	0.934558
10.9933	0.939591
11	0.944516
11.0067	0.949334
11.0133	0.954044
11.02	0.958647
11.0267	0.963144
11.0333	0.967534
11.04	0.971819
11.0467	0.975997
11.0533	0.980071
11.06	0.98404
11.0667	0.987904
11.0733	0.991665
11.08	0.995321
11.0867	0.998875
11.0933	1.00233
11.1	1.00567
11.1067	1.00892
11.1133	1.01206
11.12	1.01511
11.1267	1.01805
11.1333	1.02089
11.14	1.02364
11.1467	1.02628
11.1533	1.02883
11.16	1.03127
11.1667	1.03362
11.1733	1.03587
11.18	1.03803
11.1867	1.04009
11.1933	1.04205
11.2	1.04392
11.2067	1.04569
11.2133	1.04737
11.22	1.04896
11.2267	1.05045
11.2333	1.05186
11.24	1.05317
11.2467	1.05438
11.2533	1.05551
11.26	1.05655
11.2667	1.0575
11.2733	1.05836
11.28	1.05913
11.2867	1.05981
11.2933	1.06041
11.3	1.06092
11.3067	1.06135
11.3133	1.06168
11.32	1.06194
11.3267	1.06211
11.3333	1.0622
11.34	1.06221
11.3467	1.06213
11.3533	1.06197
11.36	1.06174
11.3667	1.06142
11.3733	1.06102
11.38	1.06055
11.3867	1.06
11.3933	1.05937
11.4	1.05866
11.4067	1.05788
11.4133	1.05702
11.42	1.05609
11.4267	1.05509
11.4333	1.05401
11.44	1.05286
11.4467	1.05164
11.4533	1.05035
11.46	1.04899
11.4667	1.04756
11.4733	1.04606
11.48	1.04449
11.4867	1.04285
11.4933	1.04115
11.5	1.03939
11.5067	1.03755
11.5133	1.03566
11.52	1.0337
11.5267	1.03168
11.5333	1.02959
11.54	1.02745
11.5467	1.02524
11.5533	1.02298
11.56	1.02065
11.5667	1.01827
11.5733	1.01583
11.58	1.01333
11.5867	1.01078
11.5933	1.00817
11.6	1.00551
11.6067	1.0028
11.6133	1.00003
11.62	0.997205
11.6267	0.994333
11.6333	0.991409
11.64	0.988436
11.6467	0.985413
11.6533	0.982343
11.66	0.979224
11.6667	0.976058
11.6733	0.972847
11.68	0.969589
11.6867	0.966288
11.6933	0.962942
11.7	0.959553
11.7067	0.956122
11.7133	0.952649
11.72	0.949135
11.7267	0.945581
11.7333	0.941988
11.74	0.938355
11.7467	0.934685
11.7533	0.930978
11.76	0.927235
11.7667	0.923455
11.7733	0.919641
11.78	0.915792
11.7867	0.91191
11.7933	0.907996
11.8	0.904049
11.8067	0.900071
11.8133	0.896062
11.82	0.892024
11.8267	0.887956
11.8333	0.88386
11.84	0.879736
11.8467	0.875586
11.8533	0.871409
11.86	0.867206
11.8667	0.862979
11.8733	0.858728
11.88	0.854453
11.8867	0.850155
11.8933	0.845835
11.9	0.841494
11.9067	0.837133
11.9133	0.832751
11.92	0.82835
11.9267	0.823931
11.9333	0.819493
11.94	0.815039
11.9467	0.810567
11.9533	0.80608
11.96	0.801578
11.9667	0.79706
11.9733	0.792529
11.98	0.787985
11.9867	0.783428
11.9933	0.778859
12	0.774279
12.0067	0.769687
12.0133	0.765086
12.02	0.760475
12.0267	0.755856
12.0333	0.751228
12.04	0.746592
12.0467	0.74195
12.0533	0.737301
12.06	0.732646
12.0667	0.727986
12.0733	0.723322
12.08	0.718653
12.0867	0.713981
12.0933	0.709306
12.1	0.704629
12.1067	0.699949
12.1133	0.695269
12.12	0.690588
12.1267	0.685907
12.1333	0.681227
12.14	0.676547
12.1467	0.671869
12.1533	0.667193
12.16	0.66252
12.1667	0.65785
12.1733	0.653184
12.18	0.648521
12.1867	0.643864
12.1933	0.639211
12.2	0.634564
12.2067	0.629923
12.2133	0.625289
12.22	0.620662
12.2267	0.616043
12.2333	0.611432
12.24	0.606829
12.2467	0.602235
12.2533	0.597651
12.26	0.593076
12.2667	0.588512
12.2733	0.583958
12.28	0.579416
12.2867	0.574885
12.2933	0.570366
12.3	0.56586
12.3067	0.561366
12.3133	0.556886
12.32	0.552419
12.3267	0.547967
12.3333	0.543528
12.34	0.539105
12.3467	0.534696
12.3533	0.530304
12.36	0.525927
12.3667	0.521566
12.3733	0.517221
12.38	0.512894
12.3867	0.508584
12.3933	0.504291
12.4	0.500017
12.4067	0.49576
12.4133	0.491522
12.42	0.487303
12.4267	0.483103
12.4333	0.478923
12.44	0.474762
12.4467	0.470621
12.4533	0.4665
12.46	0.4624
12.4667	0.458321
12.4733	0.454262
12.48	0.450225
12.4867	0.44621
12.4933	0.442216
12.5	0.438245
12.5067	0.434295
12.5133	0.430369
12.52	0.426464
12.5267	0.422583
12.5333	0.418725
12.54	0.41489
12.5467	0.411078
12.5533	0.407291
12.56	0.403527
12.5667	0.399787
12.5733	0.396071
12.58	0.39238
12.5867	0.388713
12.5933	0.385071
12.6	0.381454
12.6067	0.377861
12.6133	0.374294
12.62	0.370752
12.6267	0.367236
12.6333	0.363744
12.64	0.360279
12.6467	0.356839
12.6533	0.353425
12.66	0.350036
12.6667	0.346674
12.6733	0.343338
12.68	0.340027
12.6867	0.336743
12.6933	0.333486
12.7	0.330254
12.7067	0.327049
12.7133	0.323871
12.72	0.320719
12.7267	0.317593
12.7333	0.314494
12.74	0.311421
12.7467	0.308376
12.7533	0.305356
12.76	0.302364
12.7667	0.299398
12.7733	0.296458
12.78	0.293546
12.7867	0.290659
12.7933	0.2878
12.8	0.284967
12.8067	0.282161
12.8133	0.279381
12.82	0.276628
12.8267	0.273901
12.8333	0.271201
12.84	0.268527
12.8467	0.26588
12.8533	0.263258
12.86	0.260664
12.8667	0.258095
12.8733	0.255552
12.88	0.253035
12.8867	0.250545
12.8933	0.24808
12.9	0.245641
12.9067	0.243227
12.9133	0.240839
12.92	0.238477
12.9267	0.23614
12.9333	0.233828
12.94	0.231542
12.9467	0.22928
12.9533	0.227044
12.96	0.224832
12.9667	0.222645
12.9733	0.220482
12.98	0.218344
12.9867	0.21623
12.9933	0.21414
13	0.212075
13.0067	0.210032
13.0133	0.208014
13.02	0.206019
13.0267	0.204048
13.0333	0.202099
13.04	0.200174
13.0467	0.198271
13.0533	0.196392
13.06	0.194534
13.0667	0.192699
13.0733	0.190886
13.08	0.189095
13.0867	0.187325
13.0933	0.185578
13.1	0.183851
13.1067	0.182146
13.1133	0.180461
13.12	0.178797
13.1267	0.177154
13.1333	0.175531
13.14	0.173928
13.1467	0.172345
13.1533	0.170782
13.16	0.169238
13.1667	0.167713
13.1733	0.166207
13.18	0.16472
13.1867	0.163252
13.1933	0.161801
13.2	0.160369
13.2067	0.158955
13.2133	0.157558
13.22	0.156178
13.2267	0.154816
13.2333	0.15347
13.24	0.152141
13.2467	0.150828
13.2533	0.149531
13.26	0.148251
13.2667	0.146985
13.2733	0.145735
13.28	0.1445
13.2867	0.14328
13.2933	0.142074
13.3	0.140883
13.3067	0.139706
13.3133	0.138542
13.32	0.137392
13.3267	0.136255
13.3333	0.135131
13.34	0.13402
13.3467	0.132921
13.3533	0.131834
13.36	0.130759
13.3667	0.129695
13.3733	0.128643
13.38	0.127602
13.3867	0.126572
13.3933	0.125552
13.4	0.124542
13.4067	0.123543
13.4133	0.122553
13.42	0.121572
13.4267	0.1206
13.4333	0.119638
13.44	0.118683
13.4467	0.117737
13.4533	0.116799
13.46	0.115869
13.4667	0.114946
13.4733	0.114031
13.48	0.113122
13.4867	0.112219
13.4933	0.111323
13.5	0.110434
13.5067	0.109549
13.5133	0.108671
13.52	0.107797
13.5267	0.106929
13.5333	0.106065
13.54	0.105205
13.5467	0.104349
13.5533	0.103498
13.56	0.10265
13.5667	0.101805
13.5733	0.100963
13.58	0.100124
13.5867	0.0992871
13.5933	0.0984526
13.6	0.09762
13.6067	0.0967891
13.6133	0.0959595
13.62	0.095131
13.6267	0.0943034
13.6333	0.0934764
13.64	0.0926497
13.6467	0.0918231
13.6533	0.0909963
13.66	0.090169
13.6667	0.089341
13.6733	0.088512
13.68	0.0876819
13.6867	0.0868502
13.6933	0.0860168
13.7	0.0851814
13.7067	0.0843438
13.7133	0.0835038
13.72	0.082661
13.7267	0.0818153
13.7333	0.0809663
13.74	0.0801139
13.7467	0.0792579
13.7533	0.0783979
13.76	0.0775338
13.7667	0.0766653
13.7733	0.0757922
13.78	0.0749143
13.7867	0.0740314
13.7933	0.0731431
13.8	0.0722493
13.8067	0.0713498
13.8133	0.0704444
13.82	0.0695329
13.8267	0.0686149
13.8333	0.0676904
13.84	0.0667591
13.8467	0.0658208
13.8533	0.0648754
13.86	0.0639225
13.8667	0.0629621
13.8733	0.0619939
13.88	0.0610177
13.8867	0.0600333
13.8933	0.0590406
13.9	0.0580393
13.9067	0.0570293
13.9133	0.0560105
13.92	0.0549825
13.9267	0.0539453
13.9333	0.0528987
13.94	0.0518425
13.9467	0.0507765
13.9533	0.0497006
13.96	0.0486146
13.9667	0.0475184
13.9733	0.0464118
13.98	0.0452947
13.9867	0.0441668
13.9933	0.0430281
14	0.0418785
14.0067	0.0407177
14.0133	0.0395456
14.02	0.0383622
14.0267	0.0371672
14.0333	0.0359606
14.04	0.0347422
14.0467	0.0335119
14.0533	0.0322696
14.06	0.0310151
14.0667	0.0297484
14.0733	0.0284694
14.08	0.0271778
14.0867	0.0258738
14.0933	0.024557
14.1	0.0232275
14.1067	0.0218851
14.1133	0.0205298
14.12	0.0191614
14.1267	0.0177799
14.1333	0.0163853
14.14	0.0149773
14.1467	0.013556
14.1533	0.0121212
14.16	0.010673
14.1667	0.00921123
14.1733	0.00773582
14.18	0.00624674
14.1867	0.00474392
14.1933	0.00322732
14.2	0.00169688
14.2067	0.000152571
14.2133	-0.00140566
14.22	-0.00297786
14.2267	-0.00456404
14.2333	-0.00616426
14.24	-0.00777853
14.2467	-0.00940688
14.2533	-0.0110493
14.26	-0.0127059
14.2667	-0.0143766
14.2733	-0.0160615
14.28	-0.0177605
14.2867	-0.0194737
14.2933	-0.0212011
14.3	-0.0229427
14.3067	-0.0246984
14.3133	-0.0264682
14.32	-0.0282523
14.3267	-0.0300504
14.3333	-0.0318627
14.34	-0.0336891
14.3467	-0.0355296
14.3533	-0.0373841
14.36	-0.0392526
14.3667	-0.0411351
14.3733	-0.0430316
14.38	-0.044942
14.3867	-0.0468663
14.3933	-0.0488044
14.4	-0.0507563
14.4067	-0.052722
14.4133	-0.0547013
14.42	-0.0566942
14.4267	-0.0587007
14.4333	-0.0607207
14.44	-0.0627542
14.4467	-0.0648009
14.4533	-0.066861
14.46	-0.0689343
14.4667	-0.0710208
14.4733	-0.0731203
14.48	-0.0752328
14.4867	-0.0773581
14.4933	-0.0794963
14.5	-0.0816472
14.5067	-0.0838106
14.5133	-0.0859866
14.52	-0.088175
14.5267	-0.0903758
14.5333	-0.0925887
14.54	-0.0948137
14.5467	-0.0970507
14.5533	-0.0992995
14.56	-0.10156
14.5667	-0.103832
14.5733	-0.106116
14.58	-0.108411
14.5867	-0.110718
14.5933	-0.113035
14.6	-0.115364
14.6067	-0.117703
14.6133	-0.120053
14.62	-0.122414
14.6267	-0.124785
14.6333	-0.127166
14.64	-0.129558
14.6467	-0.131959
14.6533	-0.134371
14.66	-0.136792
14.6667	-0.139222
14.6733	-0.141662
14.68	-0.144112
14.6867	-0.14657
14.6933	-0.149037
14.7	-0.151513
14.7067	-0.153997
14.7133	-0.15649
14.72	-0.158991
14.7267	-0.1615
14.7333	-0.164017
14.74	-0.166542
14.7467	-0.169074
14.7533	-0.171613
14.76	-0.17416
14.7667	-0.176713
14.7733	-0.179274
14.78	-0.18184
14.7867	-0.184414
14.7933	-0.186993
14.8	-0.189578
14.8067	-0.19217
14.8133	-0.194766
14.82	-0.197368
14.8267	-0.199976
14.8333	-0.202588
14.84	-0.205205
14.8467	-0.207827
14.8533	-0.210453
14.86	-0.213083
14.8667	-0.215718
14.8733	-0.218356
14.88	-0.220997
14.8867	-0.223642
14.8933	-0.22629
14.9	-0.228941
14.9067	-0.231595
14.9133	-0.234251
14.92	-0.236909
14.9267	-0.23957
14.9333	-0.242232
14.94	-0.244896
14.9467	-0.247561
14.9533	-0.250227
14.96	-0.252894
14.9667	-0.255562
14.9733	-0.258231
14.98	-0.260899
14.9867	-0.263568
14.9933	-0.266237
15	-0.268905
15.0067	-0.271572
15.0133	-0.274239
15.02	-0.276905
15.0267	-0.279569
15.0333	-0.282232
15.04	-0.284893
15.0467	-0.287551
15.0533	-0.290208
15.06	-0.292862
15.0667	-0.295514
15.0733	-0.298162
15.08	-0.300808
15.0867	-0.30345
15.0933	-0.306088
15.1	-0.308723
15.1067	-0.311354
15.1133	-0.31398
15.12	-0.316601
15.1267	-0.319218
15.1333	-0.32183
15.14	-0.324437
15.1467	-0.327038
15.1533	-0.329634
15.16	-0.332224
15.1667	-0.334807
15.1733	-0.337385
15.18	-0.339955
15.1867	-0.342519
15.1933	-0.345076
15.2	-0.347626
15.2067	-0.350168
15.2133	-0.352702
15.22	-0.355229
15.2267	-0.357747
15.2333	-0.360257
15.24	-0.362759
15.2467	-0.365251
15.2533	-0.367735
15.26	-0.370209
15.2667	-0.372674
15.2733	-0.375129
15.28	-0.377575
15.2867	-0.38001
15.2933	-0.382435
15.3	-0.384849
15.3067	-0.387253
15.3133	-0.389646
15.32	-0.392027
15.3267	-0.394398
15.3333	-0.396756
15.34	-0.399103
15.3467	-0.401438
15.3533	-0.403761
15.36	-0.406071
15.3667	-0.408369
15.3733	-0.410654
15.38	-0.412926
15.3867	-0.415185
15.3933	-0.417431
15.4	-0.419663
15.4067	-0.421881
15.4133	-0.424086
15.42	-0.426276
15.4267	-0.428452
15.4333	-0.430614
15.44	-0.432761
15.4467	-0.434893
15.4533	-0.43701
15.46	-0.439112
15.4667	-0.441198
15.4733	-0.443269
15.48	-0.445325
15.4867	-0.447364
15.4933	-0.449388
15.5	-0.451395
15.5067	-0.453386
15.5133	-0.45536
15.52	-0.457318
15.5267	-0.459259
15.5333	-0.461182
15.54	-0.463089
15.5467	-0.464979
15.5533	-0.466851
15.56	-0.468705
15.5667	-0.470542
15.5733	-0.472361
15.58	-0.474162
15.5867	-0.475944
15.5933	-0.477709
15.6	-0.479455
15.6067	-0.481182
15.6133	-0.482891
15.62	-0.484581
15.6267	-0.486253
15.6333	-0.487905
15.64	-0.489538
15.6467	-0.491152
15.6533	-0.492746
15.66	-0.494321
15.6667	-0.495876
15.6733	-0.497412
15.68	-0.498928
15.6867	-0.500424
15.6933	-0.5019
15.7	-0.503356
15.7067	-0.504791
15.7133	-0.506207
15.72	-0.507602
15.7267	-0.508977
15.7333	-0.510331
15.74	-0.511664
15.7467	-0.512977
15.7533	-0.514269
15.76	-0.515541
15.7667	-0.516791
15.7733	-0.51802
15.78	-0.519229
15.7867	-0.520416
15.7933	-0.521582
15.8	-0.522727
15.8067	-0.523851
15.8133	-0.524954
15.82	-0.526035
15.8267	-0.527095
15.8333	-0.528133
15.84	-0.52915
15.8467	-0.530145
15.8533	-0.531119
15.86	-0.532071
15.8667	-0.533002
15.8733	-0.533911
15.88	-0.534798
15.8867	-0.535664
15.8933	-0.536508
15.9	-0.537331
15.9067	-0.538131
15.9133	-0.53891
15.92	-0.539668
15.9267	-0.540403
15.9333	-0.541117
15.94	-0.541809
15.9467	-0.542479
15.9533	-0.543128
15.96	-0.543755
15.9667	-0.54436
15.9733	-0.544944
15.98	-0.545506
15.9867	-0.546046
15.9933	-0.546565
16	-0.547062
16.0067	-0.547538
16.0133	-0.547992
16.02	-0.548425
16.0267	-0.548836
16.0333	-0.549226
16.04	-0.549594
16.0467	-0.549941
16.0533	-0.550267
16.06	-0.550572
16.0667	-0.550855
16.0733	-0.551118
16.08	-0.551359
16.0867	-0.55158
16.0933	-0.551779
16.1	-0.551958
16.1067	-0.552116
16.1133	-0.552253
16.12	-0.552369
16.1267	-0.552465
16.1333	-0.552541
16.14	-0.552596
16.1467	-0.552631
16.1533	-0.552645
16.16	-0.55264
16.1667	-0.552614
16.1733	-0.552569
16.18	-0.552503
16.1867	-0.552418
16.1933	-0.552313
16.2	-0.552189
16.2067	-0.552045
16.2133	-0.551882
16.22	-0.5517
16.2267	-0.551498
16.2333	-0.551278
16.24	-0.551038
16.2467	-0.55078
16.2533	-0.550504
16.26	-0.550208
16.2667	-0.549895
16.2733	-0.549563
16.28	-0.549213
16.2867	-0.548845
16.2933	-0.548459
16.3	-0.548055
16.3067	-0.547634
16.3133	-0.547195
16.32	-0.546739
16.3267	-0.546266
16.3333	-0.545776
16.34	-0.545269
16.3467	-0.544745
16.3533	-0.544205
16.36	-0.543648
16.3667	-0.543075
16.3733	-0.542486
16.38	-0.541881
16.3867	-0.54126
16.3933	-0.540623
16.4	-0.539972
16.4067	-0.539304
16.4133	-0.538622
16.42	-0.537925
16.4267	-0.537212
16.4333	-0.536486
16.44	-0.535745
16.4467	-0.534989
16.4533	-0.534219
16.46	-0.533436
16.4667	-0.532639
16.4733	-0.531828
16.48	-0.531004
16.4867	-0.530166
16.4933	-0.529316
16.5	-0.528453
16.5067	-0.527577
16.5133	-0.526688
16.52	-0.525788
16.5267	-0.524875
16.5333	-0.52395
16.54	-0.523014
16.5467	-0.522066
16.5533	-0.521107
16.56	-0.520137
16.5667	-0.519156
16.5733	-0.518164
16.58	-0.517161
16.5867	-0.516148
16.5933	-0.515125
16.6	-0.514093
16.6067	-0.51305
16.6133	-0.511998
16.62	-0.510936
16.6267	-0.509865
16.6333	-0.508786
16.64	-0.507697
16.6467	-0.506601
16.6533	-0.505495
16.66	-0.504382
16.6667	-0.503261
16.6733	-0.502131
16.68	-0.500995
16.6867	-0.499851
16.6933	-0.4987
16.7	-0.497542
16.7067	-0.496378
16.7133	-0.495206
16.72	-0.494029
16.7267	-0.492846
16.7333	-0.491656
16.74	-0.490461
16.7467	-0.489261
16.7533	-0.488055
16.76	-0.486844
16.7667	-0.485628
16.7733	-0.484408
16.78	-0.483183
16.7867	-0.481954
16.7933	-0.480721
16.8	-0.479484
16.8067	-0.478244
16.8133	-0.477
16.82	-0.475753
16.8267	-0.474503
16.8333	-0.47325
16.84	-0.471994
16.8467	-0.470736
16.8533	-0.469476
16.86	-0.468213
16.8667	-0.466949
16.8733	-0.465683
16.88	-0.464416
16.8867	-0.463148
16.8933	-0.461879
16.9	-0.460608
16.9067	-0.459337
16.9133	-0.458066
16.92	-0.456794
16.9267	-0.455523
16.9333	-0.454251
16.94	-0.45298
16.9467	-0.451709
16.9533	-0.450439
16.96	-0.44917
16.9667	-0.447902
16.9733	-0.446635
16.98	-0.445369
16.9867	-0.444105
16.9933	-0.442843
17	-0.441583
17.0067	-0.440325
17.0133	-0.439069
17.02	-0.437816
17.0267	-0.436565
17.0333	-0.435318
17.04	-0.434073
17.0467	-0.432831
17.0533	-0.431593
17.06	-0.430358
17.0667	-0.429127
17.0733	-0.4279
17.08	-0.426676
17.0867	-0.425457
17.0933	-0.424242
17.1	-0.423031
17.1067	-0.421826
17.1133	-0.420624
17.12	-0.419428
17.1267	-0.418237
17.1333	-0.417051
17.14	-0.41587
17.1467	-0.414695
17.1533	-0.413525
17.16	-0.412362
17.1667	-0.411204
17.1733	-0.410052
17.18	-0.408906
17.1867	-0.407766
17.1933	-0.406633
17.2	-0.405507
17.2067	-0.404387
17.2133	-0.403274
17.22	-0.402167
17.2267	-0.401068
17.2333	-0.399976
17.24	-0.398891
17.2467	-0.397813
17.2533	-0.396743
17.26	-0.39568
17.2667	-0.394625
17.2733	-0.393578
17.28	-0.392539
17.2867	-0.391507
17.2933	-0.390484
17.3	-0.389469
17.3067	-0.388462
17.3133	-0.387463
17.32	-0.386473
17.3267	-0.385491
17.3333	-0.384517
17.34	-0.383552
17.3467	-0.382596
17.3533	-0.381649
17.36	-0.38071
17.3667	-0.37978
17.3733	-0.37886
17.38	-0.377948
17.3867	-0.377045
17.3933	-0.376151
17.4	-0.375267
17.4067	-0.374391
17.4133	-0.373525
17.42	-0.372669
17.4267	-0.371821
17.4333	-0.370983
17.44	-0.370154
17.4467	-0.369335
17.4533	-0.368525
17.46	-0.367725
17.4667	-0.366934
17.4733	-0.366152
17.48	-0.36538
17.4867	-0.364618
17.4933	-0.363865
17.5	-0.363122
17.5067	-0.362388
17.5133	-0.361664
17.52	-0.36095
17.5267	-0.360245
17.5333	-0.35955
17.54	-0.358864
17.5467	-0.358188
17.5533	-0.357521
17.56	-0.356864
17.5667	-0.356216
17.5733	-0.355577
17.58	-0.354949
17.5867	-0.354329
17.5933	-0.353719
17.6	-0.353118
17.6067	-0.352527
17.6133	-0.351944
17.62	-0.351371
17.6267	-0.350807
17.6333	-0.350253
17.64	-0.349707
17.6467	-0.34917
17.6533	-0.348642
17.66	-0.348123
17.6667	-0.347613
17.6733	-0.347112
17.68	-0.346619
17.6867	-0.346135
17.6933	-0.34566
17.7	-0.345193
17.7067	-0.344734
17.7133	-0.344283
17.72	-0.343841
17.7267	-0.343407
17.7333	-0.342981
17.74	-0.342562
17.7467	-0.342152
17.7533	-0.341749
17.76	-0.341354
17.7667	-0.340966
17.7733	-0.340586
17.78	-0.340213
17.7867	-0.339847
17.7933	-0.339488
17.8	-0.339136
17.8067	-0.338791
17.8133	-0.338453
17.82	-0.338121
17.8267	-0.337795
17.8333	-0.337476
17.84	-0.337163
17.8467	-0.336856
17.8533	-0.336554
17.86	-0.336259
17.8667	-0.335969
17.8733	-0.335684
17.88	-0.335405
17.8867	-0.33513
17.8933	-0.334861
17.9	-0.334596
17.9067	-0.334336
17.9133	-0.334081
17.92	-0.33383
17.9267	-0.333582
17.9333	-0.333339
17.94	-0.3331
17.9467	-0.332864
17.9533	-0.332631
17.96	-0.332402
17.9667	-0.332176
17.9733	-0.331953
17.98	-0.331732
17.9867	-0.331514
17.9933	-0.331298
18	-0.331084
18.0067	-0.330872
18.0133	-0.330662
18.02	-0.330453
18.0267	-0.330245
18.0333	-0.330039
18.04	-0.329833
18.0467	-0.329628
18.0533	-0.329424
18.06	-0.32922
18.0667	-0.329016
18.0733	-0.328811
18.08	-0.328606
18.0867	-0.328401
18.0933	-0.328195
18.1	-0.327987
18.1067	-0.327778
18.1133	-0.327568
18.12	-0.327356
18.1267	-0.327142
18.1333	-0.326926
18.14	-0.326707
18.1467	-0.326486
18.1533	-0.326262
18.16	-0.326034
18.1667	-0.325803
18.1733	-0.325569
18.18	-0.325331
18.1867	-0.325088
18.1933	-0.324841
18.2	-0.32459
18.2067	-0.324333
18.2133	-0.324072
18.22	-0.323805
18.2267	-0.323532
18.2333	-0.323254
18.24	-0.322969
18.2467	-0.322678
18.2533	-0.322381
18.26	-0.322076
18.2667	-0.321765
18.2733	-0.321446
18.28	-0.321119
18.2867	-0.320784
18.2933	-0.320442
18.3	-0.32009
18.3067	-0.319731
18.3133	-0.319362
18.32	-0.318984
18.3267	-0.318596
18.3333	-0.318199
18.34	-0.317791
18.3467	-0.317374
18.3533	-0.316946
18.36	-0.316507
18.3667	-0.316057
18.3733	-0.315595
18.38	-0.315122
18.3867	-0.314637
18.3933	-0.31414
18.4	-0.313631
18.4067	-0.313109
18.4133	-0.312574
18.42	-0.312026
18.4267	-0.311464
18.4333	-0.310889
18.44	-0.3103
18.4467	-0.309696
18.4533	-0.309078
18.46	-0.308445
18.4667	-0.307797
18.4733	-0.307133
18.48	-0.306454
18.4867	-0.30576
18.4933	-0.305049
18.5	-0.304322
18.5067	-0.303578
18.5133	-0.302817
18.52	-0.302039
18.5267	-0.301244
18.5333	-0.30043
18.54	-0.299599
18.5467	-0.29875
18.5533	-0.297883
18.56	-0.296996
18.5667	-0.296091
18.5733	-0.295166
18.58	-0.294222
18.5867	-0.293259
18.5933	-0.292275
18.6	-0.291271
18.6067	-0.290247
18.6133	-0.289201
18.62	-0.288135
18.6267	-0.287048
18.6333	-0.285939
18.64	-0.284809
18.6467	-0.283656
18.6533	-0.282482
18.66	-0.281285
18.6667	-0.280065
18.6733	-0.278822
18.68	-0.277557
18.6867	-0.276268
18.6933	-0.274955
18.7	-0.273619
18.7067	-0.272258
18.7133	-0.270873
18.72	-0.269464
18.7267	-0.26803
18.7333	-0.266571
18.74	-0.265087
18.7467	-0.263578
18.7533	-0.262043
18.76	-0.260482
18.7667	-0.258895
18.7733	-0.257282
18.78	-0.255643
18.7867	-0.253977
18.7933	-0.252284
18.8	-0.250565
18.8067	-0.248818
18.8133	-0.247043
18.82	-0.245241
18.8267	-0.243412
18.8333	-0.241554
18.84	-0.239668
18.8467	-0.237754
18.8533	-0.235811
18.86	-0.23384
18.8667	-0.23184
18.8733	-0.229811
18.88	-0.227752
18.8867	-0.225665
18.8933	-0.223548
18.9	-0.221401
18.9067	-0.219224
18.9133	-0.217017
18.92	-0.214781
18.9267	-0.212514
18.9333	-0.210216
18.94	-0.207888
18.9467	-0.205529
18.9533	-0.20314
18.96	-0.200719
18.9667	-0.198268
18.9733	-0.195785
18.98	-0.193271
18.9867	-0.190725
18.9933	-0.188148
19	-0.18554
19.0067	-0.182899
19.0133	-0.180226
19.02	-0.177522
19.0267	-0.174785
19.0333	-0.172017
19.04	-0.169216
19.0467	-0.166382
19.0533	-0.163516
19.06	-0.160618
19.0667	-0.157687
19.0733	-0.154723
19.08	-0.151727
19.0867	-0.148697
19.0933	-0.145635
19.1	-0.14254
19.1067	-0.139412
19.1133	-0.136251
19.12	-0.133057
19.1267	-0.129829
19.1333	-0.126569
19.14	-0.123275
19.1467	-0.119948
19.1533	-0.116588
19.16	-0.113194
19.1667	-0.109767
19.1733	-0.106307
19.18	-0.102814
19.1867	-0.0992867
19.1933	-0.0957264
19.2	-0.0921328
19.2067	-0.0885057
19.2133	-0.0848454
19.22	-0.0811517
19.2267	-0.0774246
19.2333	-0.0736643
19.24	-0.0698706
19.2467	-0.0660438
19.2533	-0.0621836
19.26	-0.0582904
19.2667	-0.0543639
19.2733	-0.0504044
19.28	-0.0464118
19.2867	-0.0423862
19.2933	-0.0383277
19.3	-0.0342363
19.3067	-0.0301121
19.3133	-0.0259551
19.32	-0.0217655
19.3267	-0.0175432
19.3333	-0.0132885
19.34	-0.00900134
19.3467	-0.00468185
19.3533	-0.000330129
19.36	0.00405373
19.3667	0.00846962
19.3733	0.0129174
19.38	0.0173971
19.3867	0.0219084
19.3933	0.0264513
19.4	0.0310256
19.4067	0.0356313
19.4133	0.0402681
19.42	0.044936
19.4267	0.0496348
19.4333	0.0543643
19.44	0.0591244
19.4467	0.063915
19.4533	0.0687359
19.46	0.0735869
19.4667	0.0784678
19.4733	0.0833785
19.48	0.0883188
19.4867	0.0932886
19.4933	0.0982875
19.5	0.103316
19.5067	0.108372
19.5133	0.113458
19.52	0.118572
19.5267	0.123714
19.5333	0.128884
19.54	0.134082
19.5467	0.139308
19.5533	0.144561
19.56	0.149841
19.5667	0.155148
19.5733	0.160482
19.58	0.165842
19.5867	0.171228
19.5933	0.17664
19.6	0.182078
19.6067	0.187542
19.6133	0.19303
19.62	0.198543
19.6267	0.204081
19.6333	0.209644
19.64	0.21523
19.6467	0.22084
19.6533	0.226474
19.66	0.232131
19.6667	0.23781
19.6733	0.243513
19.68	0.249237
19.6867	0.254984
19.6933	0.260753
19.7	0.266542
19.7067	0.272353
19.7133	0.278185
19.72	0.284036
19.7267	0.289908
19.7333	0.2958
19.74	0.301711
19.7467	0.307642
19.7533	0.31359
19.76	0.319558
19.7667	0.325543
19.7733	0.331546
19.78	0.337566
19.7867	0.343603
19.7933	0.349657
19.8	0.355727
19.8067	0.361813
19.8133	0.367914
19.82	0.37403
19.8267	0.380161
19.8333	0.386307
19.84	0.392466
19.8467	0.398638
19.8533	0.404824
19.86	0.411023
19.8667	0.417233
19.8733	0.423456
19.88	0.42969
19.8867	0.435935
19.8933	0.442191
19.9	0.448457
19.9067	0.454733
19.9133	0.461018
19.92	0.467312
19.9267	0.473615
19.9333	0.479926
19.94	0.486244
19.9467	0.492569
19.9533	0.498902
19.96	0.50524
19.9667	0.511585
19.9733	0.517935
19.98	0.524289
19.9867	0.530649
19.9933	0.537012
20	0.543379
20.0067	0.549749
20.0133	0.556121
20.02	0.562496
20.0267	0.568873
20.0333	0.57525
20.04	0.581629
20.0467	0.588007
20.0533	0.594386
20.06	0.600763
20.0667	0.60714
20.0733	0.613514
20.08	0.619887
20.0867	0.626257
20.0933	0.632624
20.1	0.638987
20.1067	0.645346
20.1133	0.6517
20.12	0.658049
20.1267	0.664392
20.1333	0.67073
20.14	0.67706
20.1467	0.683384
20.1533	0.689699
20.16	0.696007
20.1667	0.702305
20.1733	0.708595
20.18	0.714875
20.1867	0.721144
20.1933	0.727403
20.2	0.73365
20.2067	0.739886
20.2133	0.746109
20.22	0.752319
20.2267	0.758516
20.2333	0.764699
20.24	0.770867
20.2467	0.777021
20.2533	0.783159
20.26	0.789281
20.2667	0.795386
20.2733	0.801474
20.28	0.807545
20.2867	0.813597
20.2933	0.819631
20.3	0.825646
20.3067	0.831641
20.3133	0.837615
20.32	0.843569
20.3267	0.849501
20.3333	0.855412
20.34	0.8613
20.3467	0.867165
20.3533	0.873007
20.36	0.878824
20.3667	0.884617
20.3733	0.890385
20.38	0.896127
20.3867	0.901844
20.3933	0.907533
20.4	0.913195
20.4067	0.91883
20.4133	0.924436
20.42	0.930013
20.4267	0.935561
20.4333	0.941079
20.44	0.946567
20.4467	0.952024
20.4533	0.957449
20.46	0.962843
20.4667	0.968203
20.4733	0.973531
20.48	0.978825
20.4867	0.984085
20.4933	0.989311
20.5	0.994501
20.5067	0.999656
20.5133	1.00477
20.52	1.00986
20.5267	1.0149
20.5333	1.01991
20.54	1.02488
20.5467	1.02981
20.5533	1.0347
20.56	1.03955
20.5667	1.04436
20.5733	1.04913
20.58	1.05386
20.5867	1.05854
20.5933	1.06319
20.6	1.06779
20.6067	1.07235
20.6133	1.07686
20.62	1.08133
20.6267	1.08576
20.6333	1.09014
20.64	1.09447
20.6467	1.09876
20.6533	1.103
20.66	1.10719
20.6667	1.11134
20.6733	1.11544
20.68	1.11949
20.6867	1.12349
20.6933	1.12744
20.7	1.13134
20.7067	1.13519
20.7133	1.13899
20.72	1.14274
20.7267	1.14644
20.7333	1.15008
20.74	1.15367
20.7467	1.15721
20.7533	1.1607
20.76	1.16413
20.7667	1.1675
20.7733	1.17083
20.78	1.17409
20.7867	1.1773
20.7933	1.18046
20.8	1.18355
20.8067	1.18659
20.8133	1.18958
20.82	1.1925
20.8267	1.19537
20.8333	1.19818
20.84	1.20093
20.8467	1.20362
20.8533	1.20625
20.86	1.20882
20.8667	1.21133
20.8733	1.21378
20.88	1.21616
20.8867	1.21849
20.8933	1.22075
20.9	1.22295
20.9067	1.22509
20.9133	1.22717
20.92	1.22918
20.9267	1.23113
20.9333	1.23301
20.94	1.23483
20.9467	1.23659
20.9533	1.23827
20.96	1.2399
20.9667	1.24146
20.9733	1.24295
20.98	1.24437
20.9867	1.24573
20.9933	1.24703
21	1.24825
21.0067	1.24941
21.0133	1.2505
21.02	1.25152
21.0267	1.25247
21.0333	1.25336
21.04	1.25417
21.0467	1.25492
21.0533	1.25559
21.06	1.2562
21.0667	1.25674
21.0733	1.2572
21.08	1.2576
21.0867	1.25793
21.0933	1.25818
21.1	1.25837
21.1067	1.25848
21.1133	1.25852
21.12	1.25849
21.1267	1.25839
21.1333	1.25821
21.14	1.25796
21.1467	1.25764
21.1533	1.25725
21.16	1.25679
21.1667	1.25625
21.1733	1.25564
21.18	1.25495
21.1867	1.2542
21.1933	1.25336
21.2	1.25246
21.2067	1.25148
21.2133	1.25043
21.22	1.2493
21.2267	1.2481
21.2333	1.24682
21.24	1.24547
21.2467	1.24405
21.2533	1.24255
21.26	1.24098
21.2667	1.23933
21.2733	1.2376
21.28	1.23581
21.2867	1.23393
21.2933	1.23198
21.3	1.22996
21.3067	1.22786
21.3133	1.22569
21.32	1.22344
21.3267	1.22112
21.3333	1.21872
21.34	1.21624
21.3467	1.21369
21.3533	1.21107
21.36	1.20837
21.3667	1.20559
21.3733	1.20274
21.38	1.19982
21.3867	1.19682
21.3933	1.19374
21.4	1.19059
21.4067	1.18736
21.4133	1.18406
21.42	1.18068
21.4267	1.17723
21.4333	1.17371
21.44	1.17011
21.4467	1.16643
21.4533	1.16268
21.46	1.15886
21.4667	1.15496
21.4733	1.15099
21.48	1.14694
21.4867	1.14282
21.4933	1.13862
21.5	1.13436
21.5067	1.13001
21.5133	1.1256
21.52	1.12111
21.5267	1.11655
21.5333	1.11191
21.54	1.1072
21.5467	1.10242
21.5533	1.09757
21.56	1.09264
21.5667	1.08765
21.5733	1.08258
21.58	1.07744
21.5867	1.07223
21.5933	1.06694
21.6	1.06159
21.6067	1.05616
21.6133	1.05067
21.62	1.0451
21.6267	1.03946
21.6333	1.03376
21.64	1.02798
21.6467	1.02214
21.6533	1.01622
21.66	1.01024
21.6667	1.00419
21.6733	0.998072
21.68	0.991885
21.6867	0.985631
21.6933	0.979309
21.7	0.972921
21.7067	0.966466
21.7133	0.959944
21.72	0.953357
21.7267	0.946704
21.7333	0.939986
21.74	0.933203
21.7467	0.926355
21.7533	0.919444
21.76	0.912468
21.7667	0.905429
21.7733	0.898327
21.78	0.891162
21.7867	0.883935
21.7933	0.876646
21.8	0.869296
21.8067	0.861884
21.8133	0.854412
21.82	0.84688
21.8267	0.839287
21.8333	0.831635
21.84	0.823925
21.8467	0.816155
21.8533	0.808328
21.86	0.800443
21.8667	0.792501
21.8733	0.784502
21.88	0.776447
21.8867	0.768336
21.8933	0.76017
21.9	0.751948
21.9067	0.743673
21.9133	0.735343
21.92	0.726961
21.9267	0.718525
21.9333	0.710037
21.94	0.701497
21.9467	0.692906
21.9533	0.684264
21.96	0.675571
21.9667	0.666829
21.9733	0.658038
21.98	0.649198
21.9867	0.64031
21.9933	0.631374
22	0.622391
22.0067	0.613362
22.0133	0.604286
22.02	0.595166
22.0267	0.586
22.0333	0.57679
22.04	0.567537
22.0467	0.55824
22.0533	0.548902
22.06	0.539521
22.0667	0.530099
22.0733	0.520636
22.08	0.511133
22.0867	0.50159
22.0933	0.492009
22.1	0.48239
22.1067	0.472732
22.1133	0.463038
22.12	0.453308
22.1267	0.443541
22.1333	0.43374
22.14	0.423904
22.1467	0.414034
22.1533	0.404131
22.16	0.394196
22.1667	0.384228
22.1733	0.374229
22.18	0.3642
22.1867	0.354141
22.1933	0.344052
22.2	0.333935
22.2067	0.32379
22.2133	0.313618
22.22	0.303419
22.2267	0.293194
22.2333	0.282944
22.24	0.27267
22.2467	0.262371
22.2533	0.25205
22.26	0.241706
22.2667	0.23134
22.2733	0.220953
22.28	0.210546
22.2867	0.200119
22.2933	0.189673
22.3	0.179209
22.3067	0.168728
22.3133	0.158229
22.32	0.147715
22.3267	0.137185
22.3333	0.12664
22.34	0.116082
22.3467	0.10551
22.3533	0.0949258
22.36	0.0843297
22.3667	0.0737226
22.3733	0.0631052
22.38	0.0524782
22.3867	0.0418423
22.3933	0.0311983
22.4	0.0205469
22.4067	0.00988887
22.4133	-0.000775077
22.42	-0.0114442
22.4267	-0.0221177
22.4333	-0.032795
22.44	-0.0434751
22.4467	-0.0541575
22.4533	-0.0648413
22.46	-0.0755259
22.4667	-0.0862103
22.4733	-0.096894
22.48	-0.107576
22.4867	-0.118256
22.4933	-0.128933
22.5	-0.139606
22.5067	-0.150274
22.5133	-0.160938
22.52	-0.171595
22.5267	-0.182245
22.5333	-0.192888
22.54	-0.203523
22.5467	-0.214148
22.5533	-0.224764
22.56	-0.235369
22.5667	-0.245963
22.5733	-0.256544
22.58	-0.267113
22.5867	-0.277669
22.5933	-0.28821
22.6	-0.298735
22.6067	-0.309246
22.6133	-0.319739
22.62	-0.330215
22.6267	-0.340673
22.6333	-0.351113
22.64	-0.361533
22.6467	-0.371932
22.6533	-0.38231
22.66	-0.392667
22.6667	-0.403001
22.6733	-0.413312
22.68	-0.423598
22.6867	-0.43386
22.6933	-0.444096
22.7	-0.454306
22.7067	-0.46449
22.7133	-0.474645
22.72	-0.484772
22.7267	-0.494869
22.7333	-0.504937
22.74	-0.514974
22.7467	-0.52498
22.7533	-0.534954
22.76	-0.544894
22.7667	-0.554802
22.7733	-0.564674
22.78	-0.574512
22.7867	-0.584315
22.7933	-0.59408
22.8	-0.603809
22.8067	-0.6135
22.8133	-0.623152
22.82	-0.632765
22.8267	-0.642338
22.8333	-0.65187
22.84	-0.661361
22.8467	-0.67081
22.8533	-0.680216
22.86	-0.689579
22.8667	-0.698897
22.8733	-0.708171
22.88	-0.717399
22.8867	-0.726581
22.8933	-0.735717
22.9	-0.744804
22.9067	-0.753844
22.9133	-0.762835
22.92	-0.771776
22.9267	-0.780667
22.9333	-0.789507
22.94	-0.798296
22.9467	-0.807033
22.9533	-0.815716
22.96	-0.824347
22.9667	-0.832923
22.9733	-0.841445
22.98	-0.849911
22.9867	-0.858322
22.9933	-0.866676
23	-0.874972
23.0067	-0.883211
23.0133	-0.891392
23.02	-0.899513
23.0267	-0.907575
23.0333	-0.915577
23.04	-0.923518
23.0467	-0.931397
23.0533	-0.939215
23.06	-0.94697
23.0667	-0.954661
23.0733	-0.962289
23.08	-0.969853
23.0867	-0.977352
23.0933	-0.984786
23.1	-0.992153
23.1067	-0.999454
23.1133	-1.00669
23.12	-1.01385
23.1267	-1.02095
23.1333	-1.02798
23.14	-1.03494
23.1467	-1.04183
23.1533	-1.04865
23.16	-1.0554
23.1667	-1.06208
23.1733	-1.06869
23.18	-1.07522
23.1867	-1.08169
23.1933	-1.08807
23.2	-1.09439
23.2067	-1.10063
23.2133	-1.1068
23.22	-1.11289
23.2267	-1.1189
23.2333	-1.12484
23.24	-1.13071
23.2467	-1.13649
23.2533	-1.1422
23.26	-1.14783
23.2667	-1.15338
23.2733	-1.15886
23.28	-1.16425
23.2867	-1.16957
23.2933	-1.17481
23.3	-1.17996
23.3067	-1.18504
23.3133	-1.19003
23.32	-1.19495
23.3267	-1.19978
23.3333	-1.20453
23.34	-1.20919
23.3467	-1.21378
23.3533	-1.21828
23.36	-1.2227
23.3667	-1.22703
23.3733	-1.23128
23.38	-1.23544
23.3867	-1.23952
23.3933	-1.24352
23.4	-1.24743
23.4067	-1.25125
23.4133	-1.25499
23.42	-1.25864
23.4267	-1.26221
23.4333	-1.26569
23.44	-1.26908
23.4467	-1.27238
23.4533	-1.2756
23.46	-1.27873
23.4667	-1.28177
23.4733	-1.28472
23.48	-1.28758
23.4867	-1.29036
23.4933	-1.29304
23.5	-1.29564
23.5067	-1.29815
23.5133	-1.30057
23.52	-1.3029
23.5267	-1.30513
23.5333	-1.30728
23.54	-1.30934
23.5467	-1.31131
23.5533	-1.31319
23.56	-1.31497
23.5667	-1.31667
23.5733	-1.31827
23.58	-1.31979
23.5867	-1.32121
23.5933	-1.32254
23.6	-1.32378
23.6067	-1.32493
23.6133	-1.32599
23.62	-1.32695
23.6267	-1.32782
23.6333	-1.32861
23.64	-1.3293
23.6467	-1.32989
23.6533	-1.3304
23.66	-1.33081
23.6667	-1.33114
23.6733	-1.33137
23.68	-1.3315
23.6867	-1.33155
23.6933	-1.3315
23.7	-1.33136
23.7067	-1.33113
23.7133	-1.33081
23.72	-1.3304
23.7267	-1.32989
23.7333	-1.32929
23.74	-1.3286
23.7467	-1.32782
23.7533	-1.32695
23.76	-1.32598
23.7667	-1.32492
23.7733	-1.32377
23.78	-1.32253
23.7867	-1.3212
23.7933	-1.31978
23.8	-1.31826
23.8067	-1.31666
23.8133	-1.31496
23.82	-1.31317
23.8267	-1.3113
23.8333	-1.30933
23.84	-1.30727
23.8467	-1.30512
23.8533	-1.30288
23.86	-1.30055
23.8667	-1.29813
23.8733	-1.29562
23.88	-1.29303
23.8867	-1.29034
23.8933	-1.28756
23.9	-1.2847
23.9067	-1.28175
23.9133	-1.2787
23.92	-1.27558
23.9267	-1.27236
23.9333	-1.26905
23.94	-1.26566
23.9467	-1.26218
23.9533	-1.25862
23.96	-1.25496
23.9667	-1.25123
23.9733	-1.2474
23.98	-1.24349
23.9867	-1.23949
23.9933	-1.23541
24	-1.23125
24.0067	-1.227
24.0133	-1.22266
24.02	-1.21825
24.0267	-1.21375
24.0333	-1.20916
24.04	-1.20449
24.0467	-1.19975
24.0533	-1.19491
24.06	-1.19
24.0667	-1.18501
24.0733	-1.17993
24.08	-1.17478
24.0867	-1.16954
24.0933	-1.16422
24.1	-1.15883
24.1067	-1.15336
24.1133	-1.1478
24.12	-1.14217
24.1267	-1.13647
24.1333	-1.13068
24.14	-1.12482
24.1467	-1.11888
24.1533	-1.11287
24.16	-1.10678
24.1667	-1.10062
24.1733	-1.09438
24.18	-1.08806
24.1867	-1.08168
24.1933	-1.07522
24.2	-1.06869
24.2067	-1.06209
24.2133	-1.05541
24.22	-1.04867
24.2267	-1.04185
24.2333	-1.03496
24.24	-1.02801
24.2467	-1.02098
24.2533	-1.01389
24.26	-1.00673
24.2667	-0.999504
24.2733	-0.99221
24.28	-0.984849
24.2867	-0.977424
24.2933	-0.969933
24.3	-0.962378
24.3067	-0.954759
24.3133	-0.947076
24.32	-0.939331
24.3267	-0.931524
24.3333	-0.923656
24.34	-0.915727
24.3467	-0.907737
24.3533	-0.899688
24.36	-0.89158
24.3667	-0.883413
24.3733	-0.875189
24.38	-0.866908
24.3867	-0.85857
24.3933	-0.850176
24.4	-0.841727
24.4067	-0.833223
24.4133	-0.824666
24.42	-0.816055
24.4267	-0.807391
24.4333	-0.798676
24.44	-0.789909
24.4467	-0.781092
24.4533	-0.772225
24.46	-0.763309
24.4667	-0.754344
24.4733	-0.745331
24.48	-0.736271
24.4867	-0.727164
24.4933	-0.718012
24.5	-0.708815
24.5067	-0.699573
24.5133	-0.690287
24.52	-0.680959
24.5267	-0.671588
24.5333	-0.662176
24.54	-0.652723
24.5467	-0.64323
24.5533	-0.633697
24.56	-0.624126
24.5667	-0.614517
24.5733	-0.604871
24.58	-0.595188
24.5867	-0.58547
24.5933	-0.575717
24.6	-0.565929
24.6067	-0.556108
24.6133	-0.546255
24.62	-0.536369
24.6267	-0.526452
24.6333	-0.516505
24.64	-0.506528
24.6467	-0.496523
24.6533	-0.486489
24.66	-0.476427
24.6667	-0.466339
24.6733	-0.456226
24.68	-0.446087
24.6867	-0.435924
24.6933	-0.425737
24.7	-0.415528
24.7067	-0.405297
24.7133	-0.395044
24.72	-0.384772
24.7267	-0.374479
24.7333	-0.364168
24.74	-0.353839
24.7467	-0.343492
24.7533	-0.333129
24.76	-0.322751
24.7667	-0.312357
24.7733	-0.30195
24.78	-0.291529
24.7867	-0.281096
24.7933	-0.270651
24.8	-0.260195
24.8067	-0.249729
24.8133	-0.239254
24.82	-0.22877
24.8267	-0.218278
24.8333	-0.20778
24.84	-0.197275
24.8467	-0.186766
24.8533	-0.176251
24.86	-0.165733
24.8667	-0.155212
24.8733	-0.144689
24.88	-0.134165
24.8867	-0.12364
24.8933	-0.113116
24.9	-0.102593
24.9067	-0.092071
24.9133	-0.0815523
24.92	-0.071037
24.9267	-0.060526
24.9333	-0.0500201
24.94	-0.0395201
24.9467	-0.0290268
24.9533	-0.0185411
24.96	-0.00806354
24.9667	0.00240489
24.9733	0.0128634
24.98	0.0233113
24.9867	0.0337478
24.9933	0.0441719
25	0.0545831
25.0067	0.0649804
25.0133	0.0753631
25.02	0.0857304
25.0267	0.0960815
25.0333	0.106416
25.04	0.116732
25.0467	0.12703
25.0533	0.137308
25.06	0.147567
25.0667	0.157804
25.0733	0.16802
25.08	0.178214
25.0867	0.188384
25.0933	0.198531
25.1	0.208652
25.1067	0.218749
25.1133	0.228818
25.12	0.238861
25.1267	0.248877
25.1333	0.258863
25.14	0.268821
25.1467	0.278748
25.1533	0.288645
25.16	0.29851
25.1667	0.308343
25.1733	0.318143
25.18	0.32791
25.1867	0.337642
25.1933	0.347338
25.2	0.356999
25.2067	0.366623
25.2133	0.37621
25.22	0.385759
25.2267	0.395269
25.2333	0.404739
25.24	0.414169
25.2467	0.423559
25.2533	0.432907
25.26	0.442212
25.2667	0.451475
25.2733	0.460693
25.28	0.469868
25.2867	0.478997
25.2933	0.488081
25.3	0.497118
25.3067	0.506108
25.3133	0.51505
25.32	0.523944
25.3267	0.532789
25.3333	0.541584
25.34	0.550329
25.3467	0.559022
25.3533	0.567664
25.36	0.576254
25.3667	0.584791
25.3733	0.593274
25.38	0.601703
25.3867	0.610077
25.3933	0.618395
25.4	0.626658
25.4067	0.634864
25.4133	0.643012
25.42	0.651103
25.4267	0.659135
25.4333	0.667109
25.44	0.675022
25.4467	0.682875
25.4533	0.690668
25.46	0.698399
25.4667	0.706068
25.4733	0.713675
25.48	0.721219
25.4867	0.728699
25.4933	0.736115
25.5	0.743466
25.5067	0.750752
25.5133	0.757972
25.52	0.765126
25.5267	0.772214
25.5333	0.779234
25.54	0.786186
25.5467	0.79307
25.5533	0.799885
25.56	0.806631
25.5667	0.813307
25.5733	0.819912
25.58	0.826447
25.5867	0.832911
25.5933	0.839304
25.6	0.845624
25.6067	0.851871
25.6133	0.858046
25.62	0.864147
25.6267	0.870174
25.6333	0.876127
25.64	0.882006
25.6467	0.887809
25.6533	0.893536
25.66	0.899188
25.6667	0.904764
25.6733	0.910262
25.68	0.915684
25.6867	0.921028
25.6933	0.926294
25.7	0.931482
25.7067	0.936592
25.7133	0.941622
25.72	0.946574
25.7267	0.951445
25.7333	0.956237
25.74	0.960949
25.7467	0.96558
25.7533	0.97013
25.76	0.974599
25.7667	0.978986
25.7733	0.983292
25.78	0.987515
25.7867	0.991657
25.7933	0.995715
25.8	0.999691
25.8067	1.00358
25.8133	1.00739
25.82	1.01112
25.8267	1.01476
25.8333	1.01832
25.84	1.02179
25.8467	1.02518
25.8533	1.02848
25.86	1.0317
25.8667	1.03484
25.8733	1.03788
25.88	1.04085
25.8867	1.04372
25.8933	1.04652
25.9	1.04922
25.9067	1.05184
25.9133	1.05437
25.92	1.05682
25.9267	1.05918
25.9333	1.06145
25.94	1.06364
25.9467	1.06574
25.9533	1.06775
25.96	1.06967
25.9667	1.07151
25.9733	1.07326
25.98	1.07492
25.9867	1.0765
25.9933	1.07798
26	1.07938
26.0067	1.0807
26.0133	1.08192
26.02	1.08306
26.0267	1.08411
26.0333	1.08507
26.04	1.08594
26.0467	1.08672
26.0533	1.08742
26.06	1.08803
26.0667	1.08855
26.0733	1.08899
26.08	1.08933
26.0867	1.08959
26.0933	1.08976
26.1	1.08984
26.1067	1.08984
26.1133	1.08975
26.12	1.08957
26.1267	1.0893
26.1333	1.08894
26.14	1.0885
26.1467	1.08797
26.1533	1.08736
26.16	1.08665
26.1667	1.08586
26.1733	1.08499
26.18	1.08402
26.1867	1.08297
26.1933	1.08184
26.2	1.08061
26.2067	1.07931
26.2133	1.07791
26.22	1.07643
26.2267	1.07487
26.2333	1.07322
26.24	1.07148
26.2467	1.06966
26.2533	1.06776
26.26	1.06577
26.2667	1.0637
26.2733	1.06154
26.28	1.0593
26.2867	1.05697
26.2933	1.05457
26.3	1.05207
26.3067	1.0495
26.3133	1.04684
26.32	1.04411
26.3267	1.04129
26.3333	1.03838
26.34	1.0354
26.3467	1.03234
26.3533	1.02919
26.36	1.02597
26.3667	1.02266
26.3733	1.01927
26.38	1.01581
26.3867	1.01227
26.3933	1.00864
26.4	1.00494
26.4067	1.00116
26.4133	0.997306
26.42	0.993371
26.4267	0.98936
26.4333	0.985272
26.44	0.981108
26.4467	0.976868
26.4533	0.972553
26.46	0.968162
26.4667	0.963698
26.4733	0.959159
26.48	0.954546
26.4867	0.94986
26.4933	0.945101
26.5	0.940269
26.5067	0.935366
26.5133	0.930391
26.52	0.925345
26.5267	0.920228
26.5333	0.915041
26.54	0.909785
26.5467	0.904459
26.5533	0.899064
26.56	0.893602
26.5667	0.888071
26.5733	0.882474
26.58	0.876809
26.5867	0.871079
26.5933	0.865282
26.6	0.859421
26.6067	0.853495
26.6133	0.847504
26.62	0.841451
26.6267	0.835334
26.6333	0.829154
26.64	0.822913
26.6467	0.81661
26.6533	0.810247
26.66	0.803823
26.6667	0.797339
26.6733	0.790797
26.68	0.784196
26.6867	0.777536
26.6933	0.77082
26.7	0.764047
26.7067	0.757217
26.7133	0.750332
26.72	0.743392
26.7267	0.736398
26.7333	0.72935
26.74	0.722248
26.7467	0.715095
26.7533	0.707889
26.76	0.700632
26.7667	0.693324
26.7733	0.685967
26.78	0.67856
26.7867	0.671105
26.7933	0.663601
26.8	0.65605
26.8067	0.648452
26.8133	0.640809
26.82	0.633119
26.8267	0.625385
26.8333	0.617607
26.84	0.609786
26.8467	0.601922
26.8533	0.594016
26.86	0.586068
26.8667	0.57808
26.8733	0.570052
26.88	0.561984
26.8867	0.553878
26.8933	0.545734
26.9	0.537553
26.9067	0.529335
26.9133	0.521081
26.92	0.512793
26.9267	0.50447
26.9333	0.496113
26.94	0.487723
26.9467	0.479301
26.9533	0.470848
26.96	0.462364
26.9667	0.453849
26.9733	0.445306
26.98	0.436734
26.9867	0.428134
26.9933	0.419506
27	0.410853
27.0067	0.402173
27.0133	0.393469
27.02	0.384741
27.0267	0.375989
27.0333	0.367214
27.04	0.358418
27.0467	0.3496
27.0533	0.340762
27.06	0.331904
27.0667	0.323027
27.0733	0.314131
27.08	0.305219
27.0867	0.296289
27.0933	0.287344
27.1	0.278383
27.1067	0.269408
27.1133	0.26042
27.12	0.251418
27.1267	0.242404
27.1333	0.233379
27.14	0.224343
27.1467	0.215297
27.1533	0.206242
27.16	0.197179
27.1667	0.188108
27.1733	0.17903
27.18	0.169946
27.1867	0.160857
27.1933	0.151763
27.2	0.142665
27.2067	0.133565
27.2133	0.124462
27.22	0.115357
27.2267	0.106252
27.2333	0.0971463
27.24	0.0880418
27.2467	0.0789387
27.2533	0.0698379
27.26	0.0607402
27.2667	0.0516462
27.2733	0.0425568
27.28	0.0334727
27.2867	0.0243946
27.2933	0.0153233
27.3	0.00625963
27.3067	-0.00279576
27.3133	-0.0118421
27.32	-0.0208786
27.3267	-0.0299045
27.3333	-0.0389191
27.34	-0.0479217
27.3467	-0.0569114
27.3533	-0.0658876
27.36	-0.0748496
27.3667	-0.0837964
27.3733	-0.0927275
27.38	-0.101642
27.3867	-0.110539
27.3933	-0.119419
27.4	-0.12828
27.4067	-0.137121
27.4133	-0.145942
27.42	-0.154742
27.4267	-0.163521
27.4333	-0.172277
27.44	-0.18101
27.4467	-0.189719
27.4533	-0.198404
27.46	-0.207064
27.4667	-0.215698
27.4733	-0.224305
27.48	-0.232885
27.4867	-0.241437
27.4933	-0.24996
27.5	-0.258454
27.5067	-0.266917
27.5133	-0.27535
27.52	-0.283752
27.5267	-0.292121
27.5333	-0.300457
27.54	-0.30876
27.5467	-0.317028
27.5533	-0.325262
27.56	-0.33346
27.5667	-0.341622
27.5733	-0.349747
27.58	-0.357835
27.5867	-0.365884
27.5933	-0.373895
27.6	-0.381866
27.6067	-0.389797
27.6133	-0.397687
27.62	-0.405536
27.6267	-0.413343
27.6333	-0.421107
27.64	-0.428828
27.6467	-0.436505
27.6533	-0.444137
27.66	-0.451724
27.6667	-0.459266
27.6733	-0.466761
27.68	-0.474209
27.6867	-0.48161
27.6933	-0.488963
27.7	-0.496267
27.7067	-0.503521
27.7133	-0.510726
27.72	-0.51788
27.7267	-0.524983
27.7333	-0.532035
27.74	-0.539034
27.7467	-0.545981
27.7533	-0.552874
27.76	-0.559714
27.7667	-0.566499
27.7733	-0.57323
27.78	-0.579905
27.7867	-0.586524
27.7933	-0.593087
27.8	-0.599593
27.8067	-0.606041
27.8133	-0.612431
27.82	-0.618763
27.8267	-0.625036
27.8333	-0.631249
27.84	-0.637402
27.8467	-0.643495
27.8533	-0.649527
27.86	-0.655498
27.8667	-0.661407
27.8733	-0.667253
27.88	-0.673037
27.8867	-0.678758
27.8933	-0.684415
27.9	-0.690008
27.9067	-0.695536
27.9133	-0.701
27.92	-0.706398
27.9267	-0.71173
27.9333	-0.716996
27.94	-0.722196
27.9467	-0.727329
27.9533	-0.732394
27.96	-0.737392
27.9667	-0.742321
27.9733	-0.747182
27.98	-0.751974
27.9867	-0.756697
27.9933	-0.761351
28	-0.765934
28.0067	-0.770448
28.0133	-0.77489
28.02	-0.779262
28.0267	-0.783563
28.0333	-0.787792
28.04	-0.791949
28.0467	-0.796034
28.0533	-0.800047
28.06	-0.803987
28.0667	-0.807853
28.0733	-0.811647
28.08	-0.815367
28.0867	-0.819013
28.0933	-0.822585
28.1	-0.826083
28.1067	-0.829506
28.1133	-0.832854
28.12	-0.836127
28.1267	-0.839325
28.1333	-0.842447
28.14	-0.845493
28.1467	-0.848464
28.1533	-0.851358
28.16	-0.854176
28.1667	-0.856918
28.1733	-0.859583
28.18	-0.862171
28.1867	-0.864682
28.1933	-0.867115
28.2	-0.869472
28.2067	-0.87175
28.2133	-0.873952
28.22	-0.876075
28.2267	-0.87812
28.2333	-0.880088
28.24	-0.881977
28.2467	-0.883788
28.2533	-0.88552
28.26	-0.887175
28.2667	-0.88875
28.2733	-0.890247
28.28	-0.891665
28.2867	-0.893005
28.2933	-0.894266
28.3	-0.895447
28.3067	-0.89655
28.3133	-0.897574
28.32	-0.898519
28.3267	-0.899385
28.3333	-0.900172
28.34	-0.900879
28.3467	-0.901508
28.3533	-0.902057
28.36	-0.902528
28.3667	-0.902919
28.3733	-0.903232
28.38	-0.903465
28.3867	-0.90362
28.3933	-0.903695
28.4	-0.903692
28.4067	-0.903609
28.4133	-0.903448
28.42	-0.903209
28.4267	-0.90289
28.4333	-0.902493
28.44	-0.902018
28.4467	-0.901464
28.4533	-0.900832
28.46	-0.900122
28.4667	-0.899334
28.4733	-0.898467
28.48	-0.897523
28.4867	-0.896502
28.4933	-0.895402
28.5	-0.894226
28.5067	-0.892972
28.5133	-0.891641
28.52	-0.890233
28.5267	-0.888748
28.5333	-0.887187
28.54	-0.885549
28.5467	-0.883836
28.5533	-0.882046
28.56	-0.88018
28.5667	-0.878239
28.5733	-0.876222
28.58	-0.874131
28.5867	-0.871964
28.5933	-0.869723
28.6	-0.867407
28.6067	-0.865017
28.6133	-0.862553
28.62	-0.860015
28.6267	-0.857404
28.6333	-0.85472
28.64	-0.851963
28.6467	-0.849134
28.6533	-0.846232
28.66	-0.843258
28.6667	-0.840212
28.6733	-0.837095
28.68	-0.833907
28.6867	-0.830648
28.6933	-0.827319
28.7	-0.82392
28.7067	-0.82045
28.7133	-0.816912
28.72	-0.813304
28.7267	-0.809628
28.7333	-0.805883
28.74	-0.80207
28.7467	-0.79819
28.7533	-0.794242
28.76	-0.790227
28.7667	-0.786146
28.7733	-0.781999
28.78	-0.777786
28.7867	-0.773508
28.7933	-0.769165
28.8	-0.764758
28.8067	-0.760286
28.8133	-0.755751
28.82	-0.751152
28.8267	-0.746491
28.8333	-0.741768
28.84	-0.736982
28.8467	-0.732135
28.8533	-0.727227
28.86	-0.722259
28.8667	-0.71723
28.8733	-0.712142
28.88	-0.706995
28.8867	-0.701789
28.8933	-0.696525
28.9	-0.691204
28.9067	-0.685825
28.9133	-0.680389
28.92	-0.674897
28.9267	-0.66935
28.9333	-0.663747
28.94	-0.65809
28.9467	-0.652378
28.9533	-0.646613
28.96	-0.640795
28.9667	-0.634924
28.9733	-0.629001
28.98	-0.623027
28.9867	-0.617002
28.9933	-0.610926
29	-0.6048
29.0067	-0.598625
29.0133	-0.592402
29.02	-0.58613
29.0267	-0.579811
29.0333	-0.573444
29.04	-0.567031
29.0467	-0.560572
29.0533	-0.554068
29.06	-0.547519
29.0667	-0.540926
29.0733	-0.534289
29.08	-0.52761
29.0867	-0.520888
29.0933	-0.514124
29.1	-0.507319
29.1067	-0.500473
29.1133	-0.493588
29.12	-0.486663
29.1267	-0.479699
29.1333	-0.472698
29.14	-0.465658
29.1467	-0.458582
29.1533	-0.45147
29.16	-0.444322
29.1667	-0.437139
29.1733	-0.429922
29.18	-0.422671
29.1867	-0.415386
29.1933	-0.40807
29.2	-0.400721
29.2067	-0.393342
29.2133	-0.385932
29.22	-0.378492
29.2267	-0.371023
29.2333	-0.363525
29.24	-0.355999
29.2467	-0.348446
29.2533	-0.340867
29.26	-0.333262
29.2667	-0.325631
29.2733	-0.317976
29.28	-0.310296
29.2867	-0.302594
29.2933	-0.294869
29.3	-0.287122
29.3067	-0.279353
29.3133	-0.271564
29.32	-0.263755
29.3267	-0.255927
29.3333	-0.248081
29.34	-0.240216
29.3467	-0.232334
29.3533	-0.224436
29.36	-0.216522
29.3667	-0.208592
29.3733	-0.200648
29.38	-0.19269
29.3867	-0.18472
29.3933	-0.176736
29.4	-0.168741
29.4067	-0.160735
29.4133	-0.152718
29.42	-0.144692
29.4267	-0.136656
29.4333	-0.128612
29.44	-0.120561
29.4467	-0.112503
29.4533	-0.104438
29.46	-0.0963674
29.4667	-0.088292
29.4733	-0.0802124
29.48	-0.0721293
29.4867	-0.0640432
29.4933	-0.055955
29.5	-0.0478652
29.5067	-0.0397746
29.5133	-0.0316838
29.52	-0.0235936
29.5267	-0.0155045
29.5333	-0.00741739
29.54	0.000667196
29.5467	0.00874855
29.5533	0.016826
29.56	0.0248988
29.5667	0.0329664
29.5733	0.041028
29.58	0.049083
29.5867	0.0571307
29.5933	0.0651704
29.6	0.0732016
29.6067	0.0812234
29.6133	0.0892352
29.62	0.0972364
29.6267	0.105226
29.6333	0.113204
29.64	0.12117
29.6467	0.129122
29.6533	0.13706
29.66	0.144983
29.6667	0.152892
29.6733	0.160784
29.68	0.16866
29.6867	0.176519
29.6933	0.184359
29.7	0.192182
29.7067	0.199985
29.7133	0.207768
29.72	0.215531
29.7267	0.223273
29.7333	0.230994
29.74	0.238692
29.7467	0.246367
29.7533	0.254019
29.76	0.261646
29.7667	0.269249
29.7733	0.276826
29.78	0.284377
29.7867	0.291902
29.7933	0.299399
29.8	0.306868
29.8067	0.314309
29.8133	0.321721
29.82	0.329104
29.8267	0.336456
29.8333	0.343777
29.84	0.351067
29.8467	0.358325
29.8533	0.36555
29.86	0.372742
29.8667	0.379901
29.8733	0.387025
29.88	0.394114
29.8867	0.401168
29.8933	0.408186
29.9	0.415167
29.9067	0.422111
29.9133	0.429018
29.92	0.435886
29.9267	0.442716
29.9333	0.449506
29.94	0.456257
29.9467	0.462967
29.9533	0.469637
29.96	0.476265
29.9667	0.482851
29.9733	0.489395
29.98	0.495896
29.9867	0.502353
29.9933	0.508767
30	0.515136
30.0067	0.52146
30.0133	0.527739
30.02	0.533972
30.0267	0.540159
30.0333	0.546299
30.04	0.552391
30.0467	0.558436
30.0533	0.564432
30.06	0.57038
30.0667	0.576279
30.0733	0.582128
30.08	0.587927
30.0867	0.593676
30.0933	0.599374
30.1	0.60502
30.1067	0.610615
30.1133	0.616158
30.12	0.621648
30.1267	0.627085
30.1333	0.632469
30.14	0.637799
30.1467	0.643074
30.1533	0.648296
30.16	0.653462
30.1667	0.658573
30.1733	0.663628
30.18	0.668627
30.1867	0.67357
30.1933	0.678456
30.2	0.683285
30.2067	0.688056
30.2133	0.69277
30.22	0.697426
30.2267	0.702022
30.2333	0.706561
30.24	0.71104
30.2467	0.715459
30.2533	0.719819
30.26	0.724119
30.2667	0.728358
30.2733	0.732537
30.28	0.736655
30.2867	0.740712
30.2933	0.744707
30.3	0.74864
30.3067	0.752511
30.3133	0.756321
30.32	0.760067
30.3267	0.763751
30.3333	0.767372
30.34	0.770929
30.3467	0.774423
30.3533	0.777853
30.36	0.781219
30.3667	0.784522
30.3733	0.787759
30.38	0.790933
30.3867	0.794041
30.3933	0.797084
30.4	0.800063
30.4067	0.802976
30.4133	0.805823
30.42	0.808605
30.4267	0.811321
30.4333	0.813971
30.44	0.816555
30.4467	0.819073
30.4533	0.821524
30.46	0.823909
30.4667	0.826227
30.4733	0.828478
30.48	0.830662
30.4867	0.832779
30.4933	0.834829
30.5	0.836812
30.5067	0.838728
30.5133	0.840576
30.52	0.842357
30.5267	0.84407
30.5333	0.845715
30.54	0.847293
30.5467	0.848803
30.5533	0.850246
30.56	0.85162
30.5667	0.852927
30.5733	0.854165
30.58	0.855336
30.5867	0.856439
30.5933	0.857473
30.6	0.85844
30.6067	0.859339
30.6133	0.860169
30.62	0.860932
30.6267	0.861627
30.6333	0.862254
30.64	0.862813
30.6467	0.863303
30.6533	0.863727
30.66	0.864082
30.6667	0.864369
30.6733	0.864589
30.68	0.864741
30.6867	0.864826
30.6933	0.864842
30.7	0.864792
30.7067	0.864674
30.7133	0.864489
30.72	0.864236
30.7267	0.863917
30.7333	0.86353
30.74	0.863077
30.7467	0.862557
30.7533	0.86197
30.76	0.861317
30.7667	0.860597
30.7733	0.859811
30.78	0.858959
30.7867	0.858041
30.7933	0.857057
30.8	0.856007
30.8067	0.854892
30.8133	0.853712
30.82	0.852466
30.8267	0.851156
30.8333	0.84978
30.84	0.84834
30.8467	0.846836
30.8533	0.845268
30.86	0.843635
30.8667	0.841939
30.8733	0.840179
30.88	0.838356
30.8867	0.83647
30.8933	0.83452
30.9	0.832509
30.9067	0.830434
30.9133	0.828298
30.92	0.8261
30.9267	0.82384
30.9333	0.821518
30.94	0.819136
30.9467	0.816692
30.9533	0.814189
30.96	0.811624
30.9667	0.809
30.9733	0.806316
30.98	0.803573
30.9867	0.80077
30.9933	0.797909
31	0.794989
31.0067	0.792011
31.0133	0.788975
31.02	0.785882
31.0267	0.782731
31.0333	0.779523
31.04	0.776259
31.0467	0.772938
31.0533	0.769562
31.06	0.76613
31.0667	0.762643
31.0733	0.759101
31.08	0.755505
31.0867	0.751854
31.0933	0.74815
31.1	0.744392
31.1067	0.740582
31.1133	0.736719
31.12	0.732803
31.1267	0.728836
31.1333	0.724817
31.14	0.720747
31.1467	0.716627
31.1533	0.712456
31.16	0.708236
31.1667	0.703966
31.1733	0.699647
31.18	0.695279
31.1867	0.690864
31.1933	0.6864
31.2	0.681889
31.2067	0.677332
31.2133	0.672728
31.22	0.668077
31.2267	0.663382
31.2333	0.658641
31.24	0.653855
31.2467	0.649025
31.2533	0.644152
31.26	0.639235
31.2667	0.634275
31.2733	0.629273
31.28	0.624229
31.2867	0.619143
31.2933	0.614016
31.3	0.608849
31.3067	0.603642
31.3133	0.598395
31.32	0.59311
31.3267	0.587785
31.3333	0.582423
31.34	0.577022
31.3467	0.571585
31.3533	0.566111
31.36	0.560601
31.3667	0.555055
31.3733	0.549474
31.38	0.543859
31.3867	0.538209
31.3933	0.532526
31.4	0.52681
31.4067	0.521061
31.4133	0.515279
31.42	0.509467
31.4267	0.503623
31.4333	0.497749
31.44	0.491844
31.4467	0.48591
31.4533	0.479947
31.46	0.473956
31.4667	0.467937
31.4733	0.46189
31.48	0.455817
31.4867	0.449717
31.4933	0.443591
31.5	0.43744
31.5067	0.431265
31.5133	0.425065
31.52	0.418841
31.5267	0.412595
31.5333	0.406325
31.54	0.400034
31.5467	0.393721
31.5533	0.387388
31.56	0.381033
31.5667	0.374659
31.5733	0.368266
31.58	0.361854
31.5867	0.355423
31.5933	0.348975
31.6	0.34251
31.6067	0.336028
31.6133	0.32953
31.62	0.323017
31.6267	0.316489
31.6333	0.309946
31.64	0.303389
31.6467	0.29682
31.6533	0.290237
31.66	0.283642
31.6667	0.277036
31.6733	0.270418
31.68	0.26379
31.6867	0.257152
31.6933	0.250504
31.7	0.243848
31.7067	0.237183
31.7133	0.23051
31.72	0.22383
31.7267	0.217144
31.7333	0.210451
31.74	0.203752
31.7467	0.197049
31.7533	0.190341
31.76	0.183629
31.7667	0.176914
31.7733	0.170195
31.78	0.163475
31.7867	0.156753
31.7933	0.150029
31.8	0.143305
31.8067	0.13658
31.8133	0.129856
31.82	0.123133
31.8267	0.116411
31.8333	0.109691
31.84	0.102974
31.8467	0.09626
31.8533	0.0895495
31.86	0.082843
31.8667	0.0761412
31.8733	0.0694446
31.88	0.0627537
31.8867	0.056069
31.8933	0.049391
31.9	0.0427204
31.9067	0.0360575
31.9133	0.029403
31.92	0.0227573
31.9267	0.016121
31.9333	0.00949454
31.94	0.00287847
31.9467	-0.00372671
31.9533	-0.0103205
31.96	-0.0169023
31.9667	-0.0234718
31.9733	-0.0300283
31.98	-0.0365714
31.9867	-0.0431006
31.9933	-0.0496154
32	-0.0561152
32.0067	-0.0625997
32.0133	-0.0690682
32.02	-0.0755204
32.0267	-0.0819557
32.0333	-0.0883737
32.04	-0.0947738
32.0467	-0.101156
32.0533	-0.107519
32.06	-0.113862
32.0667	-0.120186
32.0733	-0.12649
32.08	-0.132773
32.0867	-0.139035
32.0933	-0.145276
32.1	-0.151494
32.1067	-0.15769
32.1133	-0.163863
32.12	-0.170013
32.1267	-0.176138
32.1333	-0.18224
32.14	-0.188316
32.1467	-0.194368
32.1533	-0.200393
32.16	-0.206393
32.1667	-0.212367
32.1733	-0.218313
32.18	-0.224232
32.1867	-0.230124
32.1933	-0.235987
32.2	-0.241821
32.2067	-0.247627
32.2133	-0.253403
32.22	-0.25915
32.2267	-0.264866
32.2333	-0.270552
32.24	-0.276207
32.2467	-0.28183
32.2533	-0.287422
32.26	-0.292981
32.2667	-0.298508
32.2733	-0.304002
32.28	-0.309463
32.2867	-0.31489
32.2933	-0.320283
32.3	-0.325642
32.3067	-0.330966
32.3133	-0.336255
32.32	-0.341509
32.3267	-0.346727
32.3333	-0.351908
32.34	-0.357054
32.3467	-0.362162
32.3533	-0.367233
32.36	-0.372267
32.3667	-0.377263
32.3733	-0.382221
32.38	-0.387141
32.3867	-0.392022
32.3933	-0.396863
32.4	-0.401666
32.4067	-0.406429
32.4133	-0.411151
32.42	-0.415834
32.4267	-0.420476
32.4333	-0.425077
32.44	-0.429638
32.4467	-0.434156
32.4533	-0.438634
32.46	-0.443069
32.4667	-0.447462
32.4733	-0.451813
32.48	-0.45612
32.4867	-0.460385
32.4933	-0.464607
32.5	-0.468786
32.5067	-0.47292
32.5133	-0.477011
32.52	-0.481058
32.5267	-0.48506
32.5333	-0.489017
32.54	-0.49293
32.5467	-0.496798
32.5533	-0.50062
32.56	-0.504397
32.5667	-0.508129
32.5733	-0.511814
32.58	-0.515454
32.5867	-0.519047
32.5933	-0.522594
32.6	-0.526094
32.6067	-0.529547
32.6133	-0.532954
32.62	-0.536313
32.6267	-0.539625
32.6333	-0.542889
32.64	-0.546106
32.6467	-0.549276
32.6533	-0.552397
32.66	-0.55547
32.6667	-0.558495
32.6733	-0.561472
32.68	-0.5644
32.6867	-0.56728
32.6933	-0.570111
32.7	-0.572893
32.7067	-0.575626
32.7133	-0.57831
32.72	-0.580945
32.7267	-0.583531
32.7333	-0.586068
32.74	-0.588555
32.7467	-0.590992
32.7533	-0.59338
32.76	-0.595718
32.7667	-0.598007
32.7733	-0.600245
32.78	-0.602434
32.7867	-0.604573
32.7933	-0.606662
32.8	-0.608701
32.8067	-0.610689
32.8133	-0.612628
32.82	-0.614516
32.8267	-0.616354
32.8333	-0.618142
32.84	-0.61988
32.8467	-0.621567
32.8533	-0.623204
32.86	-0.624791
32.8667	-0.626327
32.8733	-0.627813
32.88	-0.629248
32.8867	-0.630634
32.8933	-0.631969
32.9	-0.633253
32.9067	-0.634487
32.9133	-0.635671
32.92	-0.636805
32.9267	-0.637888
32.9333	-0.638921
32.94	-0.639904
32.9467	-0.640837
32.9533	-0.64172
32.96	-0.642553
32.9667	-0.643335
32.9733	-0.644068
32.98	-0.644751
32.9867	-0.645384
32.9933	-0.645967
33	-0.6465
33.0067	-0.646984
33.0133	-0.647419
33.02	-0.647803
33.0267	-0.648139
33.0333	-0.648425
33.04	-0.648662
33.0467	-0.64885
33.0533	-0.648989
33.06	-0.649079
33.0667	-0.649121
33.0733	-0.649113
33.08	-0.649058
33.0867	-0.648953
33.0933	-0.648801
33.1	-0.6486
33.1067	-0.648351
33.1133	-0.648054
33.12	-0.64771
33.1267	-0.647318
33.1333	-0.646878
33.14	-0.646391
33.1467	-0.645857
33.1533	-0.645276
33.16	-0.644648
33.1667	-0.643974
33.1733	-0.643252
33.18	-0.642485
33.1867	-0.641671
33.1933	-0.640811
33.2	-0.639906
33.2067	-0.638955
33.2133	-0.637958
33.22	-0.636916
33.2267	-0.635829
33.2333	-0.634697
33.24	-0.63352
33.2467	-0.632299
33.2533	-0.631034
33.26	-0.629724
33.2667	-0.628371
33.2733	-0.626974
33.28	-0.625533
33.2867	-0.62405
33.2933	-0.622523
33.3	-0.620954
33.3067	-0.619342
33.3133	-0.617688
33.32	-0.615991
33.3267	-0.614253
